<?xml version="1.0" encoding="UTF-8" standalone="no"?>
<!DOCTYPE svg PUBLIC "-//W3C//DTD SVG 20010904//EN"
              "http://www.w3.org/TR/2001/REC-SVG-20010904/DTD/svg10.dtd">

<svg xmlns="http://www.w3.org/2000/svg"
     width="2.86667in" height="0.666667in"
     viewBox="0 0 860 200">
  <path id="Selection"
        fill="none" stroke="black" stroke-width="1"
        d="M 29.00,8.00
           C 29.00,8.00 22.68,15.80 22.68,15.80
             22.68,15.80 11.00,14.00 11.00,14.00
             11.00,14.00 15.87,25.00 15.87,25.00
             15.87,25.00 11.00,35.00 11.00,35.00
             11.00,35.00 21.96,33.35 21.96,33.35
             21.96,33.35 31.00,41.00 31.00,41.00
             31.00,38.24 30.62,32.51 32.02,30.27
             33.77,27.49 39.89,26.04 43.00,25.00
             38.77,21.97 34.64,21.79 32.60,19.49
             30.42,17.04 31.00,11.21 31.00,8.00
             31.00,8.00 29.00,8.00 29.00,8.00 Z
           M 88.00,37.00
           C 88.00,37.00 83.95,47.00 83.95,47.00
             83.95,47.00 86.00,77.00 86.00,77.00
             86.00,77.00 79.00,52.00 79.00,52.00
             73.52,62.08 78.84,68.30 81.00,79.00
             81.00,79.00 78.00,80.00 78.00,80.00
             78.00,80.00 67.61,62.09 67.61,62.09
             67.61,62.09 61.00,60.00 61.00,60.00
             61.00,60.00 74.00,83.00 74.00,83.00
             59.48,67.15 60.83,58.50 43.00,57.00
             43.00,57.00 46.92,67.91 46.92,67.91
             46.92,67.91 68.00,87.00 68.00,87.00
             68.00,87.00 47.00,74.00 47.00,74.00
             47.47,77.23 47.75,80.00 50.30,82.37
             55.55,87.23 63.56,87.15 66.00,95.00
             53.92,92.24 46.31,85.88 39.00,94.00
             39.00,94.00 64.00,99.00 64.00,99.00
             64.00,99.00 36.00,97.49 36.00,97.49
             36.00,97.49 25.00,102.00 25.00,102.00
             25.00,102.00 25.00,104.00 25.00,104.00
             25.00,104.00 36.00,108.79 36.00,108.79
             36.00,108.79 64.00,106.00 64.00,106.00
             57.32,111.68 46.30,109.19 39.00,114.00
             52.09,121.12 54.33,110.98 67.00,113.00
             67.00,113.00 67.00,115.00 67.00,115.00
             67.00,115.00 48.93,125.39 48.93,125.39
             48.93,125.39 47.00,133.00 47.00,133.00
             47.00,133.00 69.00,119.00 69.00,119.00
             58.12,129.00 45.42,134.57 43.00,150.00
             43.00,150.00 54.96,146.28 54.96,146.28
             54.96,146.28 74.00,124.00 74.00,124.00
             74.00,124.00 60.00,147.00 60.00,147.00
             75.13,144.61 70.54,131.53 81.00,126.00
             79.94,137.73 73.52,142.05 78.00,154.00
             78.00,154.00 80.00,154.00 80.00,154.00
             80.00,154.00 85.00,129.00 85.00,129.00
             85.00,129.00 83.48,159.00 83.48,159.00
             83.48,159.00 88.00,169.00 88.00,169.00
             88.00,169.00 90.00,169.00 90.00,169.00
             90.00,169.00 94.75,157.00 94.75,157.00
             94.75,157.00 92.00,128.00 92.00,128.00
             94.92,133.31 97.13,147.53 98.00,154.00
             105.61,149.56 101.30,142.62 99.42,136.00
             98.13,131.43 96.39,128.76 101.00,126.00
             102.25,130.39 107.57,142.47 111.21,144.91
             113.25,146.28 115.63,146.63 118.00,147.00
             118.00,147.00 104.00,124.00 104.00,124.00
             115.23,135.77 117.85,146.64 134.00,151.00
             134.00,151.00 130.91,138.17 130.91,138.17
             130.91,138.17 109.00,118.00 109.00,118.00
             109.00,118.00 132.00,133.00 132.00,133.00
             132.00,133.00 129.16,125.39 129.16,125.39
             129.16,125.39 111.00,115.00 111.00,115.00
             111.00,115.00 111.00,113.00 111.00,113.00
             123.18,110.63 126.49,121.44 139.00,114.00
             131.70,109.19 120.68,111.68 114.00,106.00
             114.00,106.00 143.00,109.19 143.00,109.19
             143.00,109.19 154.00,104.00 154.00,104.00
             154.00,104.00 154.00,102.00 154.00,102.00
             154.00,102.00 143.00,97.70 143.00,97.70
             143.00,97.70 114.00,100.00 114.00,100.00
             114.00,100.00 139.00,94.00 139.00,94.00
             139.00,94.00 139.00,92.00 139.00,92.00
             127.60,87.30 123.35,93.25 112.00,95.00
             114.29,88.03 122.57,87.25 127.73,83.04
             130.56,80.72 131.22,77.39 132.00,74.00
             132.00,74.00 109.00,88.00 109.00,88.00
             109.00,88.00 130.91,68.83 130.91,68.83
             130.91,68.83 135.00,56.00 135.00,56.00
             116.81,59.29 116.76,72.05 104.00,82.00
             104.00,82.00 118.00,60.00 118.00,60.00
             114.17,60.56 111.48,60.83 108.96,64.14
             105.12,69.20 104.33,78.61 97.00,79.00
             97.00,79.00 102.43,59.00 102.43,59.00
             102.43,59.00 99.00,52.00 99.00,52.00
             96.73,58.89 96.18,72.08 92.00,77.00
             93.08,63.65 99.61,47.24 88.00,37.00 Z
           M 69.00,87.00
           C 69.00,87.00 69.00,88.00 69.00,88.00
             69.00,88.00 68.00,87.00 68.00,87.00
             68.00,87.00 69.00,87.00 69.00,87.00 Z
           M 192.00,87.00
           C 184.76,98.39 184.25,94.58 174.00,93.00
             174.00,93.00 178.70,102.00 178.70,102.00
             179.60,105.65 175.67,110.58 174.00,114.00
             174.00,114.00 184.96,112.35 184.96,112.35
             184.96,112.35 194.00,120.00 194.00,120.00
             194.00,117.24 193.62,111.51 195.02,109.27
             196.77,106.49 202.89,105.04 206.00,104.00
             201.77,100.97 197.64,100.79 195.60,98.49
             193.42,96.04 194.00,90.21 194.00,87.00
             194.00,87.00 192.00,87.00 192.00,87.00 Z
           M 29.00,165.00
           C 27.42,167.37 24.17,173.15 21.33,173.77
             19.73,174.12 12.32,171.53 10.00,171.00
             10.00,171.00 15.60,182.00 15.60,182.00
             15.60,182.00 11.00,193.00 11.00,193.00
             11.00,193.00 22.24,190.44 22.24,190.44
             22.24,190.44 29.00,199.00 29.00,199.00
             29.00,199.00 31.83,187.42 31.83,187.42
             31.83,187.42 42.00,182.00 42.00,182.00
             42.00,182.00 31.94,176.58 31.94,176.58
             31.94,176.58 29.00,165.00 29.00,165.00 Z" />
</svg>
