<?xml version="1.0" encoding="UTF-8" standalone="no"?>
<!DOCTYPE svg PUBLIC "-//W3C//DTD SVG 20010904//EN"
              "http://www.w3.org/TR/2001/REC-SVG-20010904/DTD/svg10.dtd">

<svg xmlns="http://www.w3.org/2000/svg"
     width="2.86667in" height="1.33333in"
     viewBox="0 0 860 400">
  <path id="Selection #1"
        fill="none" stroke="black" stroke-width="1"
        d="M 22.00,45.00
           C 20.49,56.44 20.83,57.27 8.00,59.00
             8.00,59.00 18.09,65.41 18.09,65.41
             18.09,65.41 19.00,77.00 19.00,77.00
             19.00,77.00 28.58,69.24 28.58,69.24
             28.58,69.24 39.00,72.00 39.00,72.00
             39.00,72.00 35.50,62.00 35.50,62.00
             35.50,62.00 42.00,52.00 42.00,52.00
             42.00,52.00 30.09,52.89 30.09,52.89
             30.09,52.89 22.00,45.00 22.00,45.00 Z
           M 67.00,137.00
           C 67.00,137.00 63.72,145.00 63.72,145.00
             63.72,145.00 66.00,172.00 66.00,172.00
             61.83,167.50 60.84,156.20 60.00,150.00
             52.13,157.71 61.68,163.02 60.00,174.00
             60.00,174.00 58.00,174.00 58.00,174.00
             54.19,166.07 51.76,158.86 43.00,156.00
             43.00,156.00 55.00,176.00 55.00,176.00
             42.66,166.38 44.30,155.56 27.00,154.00
             31.07,169.05 40.56,169.30 50.00,180.00
             50.00,180.00 31.00,169.00 31.00,169.00
             31.20,170.71 31.19,172.08 32.17,173.61
             34.18,176.74 44.31,180.95 48.00,182.17
             44.33,188.33 38.01,183.14 32.00,182.17
             28.50,181.87 27.07,182.58 24.00,184.00
             24.00,184.00 46.00,191.00 46.00,191.00
             46.00,191.00 20.00,188.45 20.00,188.45
             20.00,188.45 11.00,193.00 11.00,193.00
             19.93,201.83 34.38,195.02 46.00,196.00
             40.46,198.61 30.19,200.49 24.00,201.00
             33.30,210.04 42.56,194.89 48.00,204.00
             44.32,205.05 34.25,209.23 32.29,212.39
             31.39,213.83 31.27,215.38 31.00,217.00
             31.00,217.00 50.00,206.00 50.00,206.00
             50.00,206.00 30.85,223.09 30.85,223.09
             30.85,223.09 28.00,233.00 28.00,233.00
             44.32,229.28 42.80,219.93 55.00,211.00
             55.00,211.00 43.00,230.00 43.00,230.00
             55.98,226.62 50.88,216.27 61.00,213.00
             61.00,213.00 56.92,231.96 56.92,231.96
             56.92,231.96 60.00,236.00 60.00,236.00
             60.83,229.88 61.66,219.38 66.00,215.00
             66.00,215.00 63.72,241.00 63.72,241.00
             63.72,241.00 68.00,249.00 68.00,249.00
             68.00,249.00 72.77,239.00 72.77,239.00
             72.77,239.00 71.00,214.00 71.00,214.00
             71.00,214.00 77.00,236.00 77.00,236.00
             82.12,229.22 76.67,220.38 75.00,213.00
             75.00,213.00 79.00,212.00 79.00,212.00
             80.07,215.65 84.62,225.04 87.39,227.44
             89.04,228.88 90.98,229.34 93.00,230.00
             93.00,230.00 81.00,210.00 81.00,210.00
             91.83,219.46 94.11,230.70 109.00,233.00
             109.00,233.00 105.19,222.46 105.19,222.46
             105.19,222.46 85.00,205.00 85.00,205.00
             85.00,205.00 106.00,218.00 106.00,218.00
             103.06,204.41 91.34,210.16 88.00,200.00
             94.75,200.61 107.59,207.32 112.00,201.00
             105.80,200.16 94.50,199.17 90.00,195.00
             90.00,195.00 117.00,197.60 117.00,197.60
             117.00,197.60 126.00,194.00 126.00,194.00
             126.00,194.00 116.00,188.43 116.00,188.43
             116.00,188.43 89.00,191.00 89.00,191.00
             89.00,191.00 89.00,189.00 89.00,189.00
             89.00,189.00 112.00,185.00 112.00,185.00
             102.87,176.60 93.27,191.13 87.00,183.00
             90.59,181.95 102.01,176.39 104.15,173.61
             105.33,172.09 105.53,170.77 106.00,169.00
             106.00,169.00 85.00,181.00 85.00,181.00
             93.56,172.63 106.72,166.52 109.00,154.00
             94.54,155.30 90.64,166.90 81.00,177.00
             81.00,177.00 93.00,156.00 93.00,156.00
             91.04,156.71 89.01,157.32 87.39,158.70
             84.51,161.14 80.09,170.27 79.00,174.00
             74.26,171.16 76.24,168.59 77.58,164.00
             79.29,158.09 81.03,155.33 77.00,150.00
             74.76,156.79 75.07,166.92 70.00,172.00
             70.00,172.00 72.61,146.00 72.61,146.00
             72.61,146.00 67.00,137.00 67.00,137.00 Z
           M 164.00,177.00
           C 163.90,188.15 161.76,189.55 151.00,191.00
             154.09,195.13 157.81,194.26 160.40,197.41
             162.66,200.17 161.16,205.51 161.00,209.00
             161.00,209.00 171.00,201.81 171.00,201.81
             171.00,201.81 182.00,204.00 182.00,204.00
             182.00,204.00 177.87,194.00 177.87,194.00
             177.87,194.00 184.00,184.00 184.00,184.00
             184.00,184.00 172.10,184.94 172.10,184.94
             172.10,184.94 164.00,177.00 164.00,177.00 Z
           M 26.00,304.00
           C 25.50,306.82 25.05,312.68 23.40,314.70
             21.15,317.45 15.41,318.10 12.00,319.00
             15.71,321.87 20.36,322.88 21.99,325.39
             23.75,328.14 22.54,332.97 21.99,336.00
             21.99,336.00 33.00,329.21 33.00,329.21
             33.00,329.21 43.00,332.00 43.00,332.00
             43.00,332.00 39.24,322.00 39.24,322.00
             39.24,322.00 45.00,312.00 45.00,312.00
             45.00,312.00 35.04,312.96 35.04,312.96
             35.04,312.96 26.00,304.00 26.00,304.00 Z" />
</svg>
