<?xml version="1.0" encoding="UTF-8" standalone="no"?>
<!DOCTYPE svg PUBLIC "-//W3C//DTD SVG 20010904//EN"
              "http://www.w3.org/TR/2001/REC-SVG-20010904/DTD/svg10.dtd">

<svg xmlns="http://www.w3.org/2000/svg"
     width="0.623333in" height="0.68in"
     viewBox="0 0 187 204">
  <path id="Selection"
        fill="none" stroke="black" stroke-width="1"
        d="M 93.50,3.33
           C 93.50,3.33 90.91,11.66 90.91,11.66
             90.63,12.48 90.01,14.99 89.57,15.55
             89.11,16.12 88.34,16.03 87.68,16.03
             87.68,16.03 76.46,16.03 76.46,16.03
             76.46,16.03 84.15,21.79 84.15,21.79
             84.15,21.79 86.80,24.08 86.80,24.08
             86.80,24.08 85.90,27.27 85.90,27.27
             85.90,27.27 83.11,36.43 83.11,36.43
             83.11,36.43 90.59,30.99 90.59,30.99
             90.59,30.99 93.71,29.08 93.71,29.08
             93.71,29.08 96.82,31.05 96.82,31.05
             96.82,31.05 104.51,36.43 104.51,36.43
             104.51,36.43 102.95,31.64 102.95,31.64
             102.95,31.64 100.36,23.73 100.36,23.73
             100.36,23.73 103.68,21.47 103.68,21.47
             103.68,21.47 110.95,16.24 110.95,16.24
             110.05,15.88 108.24,16.03 107.21,16.03
             107.21,16.03 99.73,16.03 99.73,16.03
             99.25,16.03 98.54,16.07 98.12,15.82
             97.44,15.40 96.95,13.29 96.69,12.49
             96.69,12.49 94.75,6.45 94.75,6.45
             94.41,5.43 94.13,4.21 93.50,3.33 Z
           M 93.08,55.16
           C 93.08,55.16 89.95,61.62 89.95,61.62
             89.56,62.42 88.18,65.28 88.06,65.99
             87.89,66.88 88.41,70.28 88.50,71.40
             88.50,71.40 89.93,86.18 89.93,86.18
             89.93,86.18 90.68,93.88 90.68,93.88
             90.75,94.40 90.92,96.23 89.81,95.72
             89.27,95.47 89.18,94.60 89.08,94.09
             89.08,94.09 88.19,89.30 88.19,89.30
             88.19,89.30 85.72,76.60 85.72,76.60
             85.72,76.60 84.36,69.32 84.36,69.32
             83.54,69.84 82.70,71.74 82.23,72.65
             81.80,73.49 80.41,75.81 80.35,76.60
             80.28,77.38 81.30,80.23 81.58,81.15
             81.58,81.15 84.36,90.34 84.36,90.34
             84.36,90.34 85.63,94.51 85.63,94.51
             85.79,94.95 86.14,95.88 85.95,96.32
             85.62,97.10 84.08,97.01 82.90,98.04
             82.90,98.04 79.93,92.84 79.93,92.84
             79.93,92.84 75.93,85.35 75.93,85.35
             75.93,85.35 74.03,81.81 74.03,81.81
             74.03,81.81 72.85,79.83 72.85,79.83
             72.85,79.83 70.23,78.81 70.23,78.81
             70.23,78.81 64.83,77.23 64.83,77.23
             64.83,77.23 68.64,83.06 68.64,83.06
             68.64,83.06 76.57,94.92 76.57,94.92
             76.57,94.92 79.79,99.71 79.79,99.71
             79.79,99.71 78.22,100.39 78.22,100.39
             78.22,100.39 76.42,98.46 76.42,98.46
             76.42,98.46 71.92,92.63 71.92,92.63
             71.92,92.63 63.81,82.22 63.81,82.22
             63.81,82.22 60.43,78.06 60.43,78.06
             60.43,78.06 56.22,76.80 56.22,76.80
             56.22,76.80 47.79,74.31 47.79,74.31
             47.94,75.78 49.53,79.54 50.10,81.18
             50.50,82.32 51.22,84.87 51.87,85.76
             52.61,86.76 54.71,88.16 55.74,89.06
             55.74,89.06 66.90,98.27 66.90,98.27
             66.90,98.27 72.93,103.23 72.93,103.23
             73.30,103.55 74.83,104.92 73.51,105.21
             72.92,105.34 70.63,103.56 70.02,103.16
             70.02,103.16 62.96,98.42 62.96,98.42
             61.95,97.73 60.62,96.51 59.42,96.38
             59.42,96.38 56.93,94.30 56.93,94.30
             56.93,94.30 51.32,90.76 51.32,90.76
             51.32,90.76 52.70,95.34 52.70,95.34
             52.70,95.34 53.98,98.75 53.98,98.75
             53.98,98.75 55.68,99.83 55.68,99.83
             55.68,99.83 59.84,102.05 59.84,102.05
             59.84,102.05 71.68,108.24 71.68,108.24
             71.51,108.87 70.49,111.49 69.96,111.71
             69.57,111.88 68.96,111.63 68.57,111.52
             68.57,111.52 65.03,110.41 65.03,110.41
             65.03,110.41 55.48,107.53 55.48,107.53
             55.48,107.53 50.91,106.26 50.91,106.26
             50.04,106.25 49.17,106.89 48.41,107.29
             48.41,107.29 43.43,109.91 43.43,109.91
             44.37,110.53 45.65,110.62 46.75,110.80
             46.75,110.80 51.74,111.80 51.74,111.80
             51.74,111.80 61.71,113.80 61.71,113.80
             61.71,113.80 69.40,115.32 69.40,115.32
             69.40,115.32 68.71,116.98 68.71,116.98
             68.71,116.98 66.07,116.84 66.07,116.84
             66.07,116.84 59.01,115.94 59.01,115.94
             59.01,115.94 46.96,114.43 46.96,114.43
             46.96,114.43 40.72,113.81 40.72,113.81
             40.72,113.81 36.78,115.89 36.78,115.89
             36.78,115.89 29.30,120.11 29.30,120.11
             30.31,120.99 32.58,121.85 33.87,122.45
             35.70,123.30 39.24,125.40 41.14,125.30
             41.14,125.30 48.62,124.52 48.62,124.52
             48.62,124.52 62.75,123.20 62.75,123.20
             62.75,123.20 69.19,122.61 69.19,122.61
             69.19,122.61 69.40,123.86 69.40,123.86
             69.40,123.86 57.76,126.24 57.76,126.24
             57.76,126.24 43.22,129.06 43.22,129.06
             43.22,129.06 48.17,131.79 48.17,131.79
             48.17,131.79 50.70,132.95 50.70,132.95
             50.70,132.95 53.19,132.40 53.19,132.40
             53.19,132.40 57.35,131.14 57.35,131.14
             57.35,131.14 70.02,127.19 70.02,127.19
             70.02,127.19 71.48,131.14 71.48,131.14
             70.35,131.47 69.59,132.05 68.57,132.58
             68.57,132.58 63.58,135.22 63.58,135.22
             62.61,135.77 61.25,136.21 60.67,137.18
             59.46,137.18 58.38,137.98 57.35,138.54
             56.57,138.96 54.42,140.00 53.92,140.58
             53.59,140.97 53.25,142.24 53.05,142.80
             53.05,142.80 51.32,148.63 51.32,148.63
             51.32,148.63 55.06,146.14 55.06,146.14
             55.06,146.14 59.63,143.05 59.63,143.05
             59.63,143.05 67.94,137.48 67.94,137.48
             67.94,137.48 71.68,134.96 71.68,134.96
             71.68,134.96 73.25,134.20 73.25,134.20
             73.25,134.20 74.59,135.51 74.59,135.51
             74.59,135.51 68.98,139.72 68.98,139.72
             68.98,139.72 65.45,142.39 65.45,142.39
             65.45,142.39 59.84,146.81 59.84,146.81
             59.84,146.81 54.65,150.85 54.65,150.85
             54.65,150.85 52.17,153.02 52.17,153.02
             52.17,153.02 51.04,156.54 51.04,156.54
             51.04,156.54 48.41,165.70 48.41,165.70
             48.41,165.70 55.48,163.20 55.48,163.20
             56.58,162.82 59.21,162.07 60.03,161.43
             60.69,160.91 62.24,158.83 62.85,158.06
             62.85,158.06 67.03,153.00 67.03,153.00
             67.03,153.00 70.11,149.25 70.11,149.25
             70.77,148.45 71.51,147.81 71.68,146.76
             73.08,146.05 75.54,142.58 76.67,141.22
             77.09,140.72 78.02,139.36 78.73,139.53
             79.59,139.74 79.14,140.48 78.85,140.93
             78.85,140.93 76.14,145.03 76.14,145.03
             76.14,145.03 68.25,156.75 68.25,156.75
             68.25,156.75 64.83,161.95 64.83,161.95
             66.11,161.84 68.89,160.86 70.23,160.43
             70.92,160.20 72.14,159.93 72.68,159.52
             73.52,158.86 74.88,155.79 75.51,154.67
             75.51,154.67 79.95,146.34 79.95,146.34
             79.95,146.34 82.49,141.55 82.49,141.55
             82.49,141.55 86.23,143.01 86.23,143.01
             86.23,143.01 82.00,156.75 82.00,156.75
             82.00,156.75 80.86,160.49 80.86,160.49
             80.86,160.49 80.37,162.78 80.37,162.78
             80.37,162.78 81.78,165.70 81.78,165.70
             81.78,165.70 84.15,170.07 84.15,170.07
             84.15,170.07 85.66,162.78 85.66,162.78
             85.66,162.78 87.97,150.92 87.97,150.92
             87.97,150.92 89.55,143.63 89.55,143.63
             89.55,143.63 90.80,143.84 90.80,143.84
             90.80,143.84 90.21,149.88 90.21,149.88
             90.21,149.88 89.10,161.74 89.10,161.74
             89.10,161.74 88.53,166.95 88.53,166.95
             88.53,166.95 88.08,171.94 88.08,171.94
             88.00,173.10 87.80,173.92 88.93,174.65
             88.91,175.88 89.53,176.70 90.03,177.77
             90.03,177.77 92.88,184.02 92.88,184.02
             93.73,183.51 93.92,182.78 94.41,181.93
             94.41,181.93 97.19,176.94 97.19,176.94
             97.79,175.81 99.21,173.70 99.44,172.57
             99.62,171.73 99.23,169.58 99.12,168.61
             99.12,168.61 97.92,159.24 97.92,159.24
             97.92,159.24 96.65,149.04 96.65,149.04
             96.65,149.04 95.99,144.05 95.99,144.05
             95.99,144.05 98.07,143.63 98.07,143.63
             98.07,143.63 99.32,150.50 99.32,150.50
             99.32,150.50 101.69,162.58 101.69,162.58
             101.69,162.58 103.06,170.07 103.06,170.07
             104.12,169.02 105.28,166.30 106.02,164.87
             106.34,164.25 107.03,163.23 107.05,162.58
             107.05,162.58 105.53,157.16 105.53,157.16
             105.53,157.16 101.19,142.59 101.19,142.59
             101.19,142.59 104.72,141.13 104.72,141.13
             104.72,141.13 106.57,144.67 106.57,144.67
             106.57,144.67 111.23,153.42 111.23,153.42
             111.23,153.42 113.32,157.37 113.32,157.37
             113.32,157.37 114.58,159.45 114.58,159.45
             114.58,159.45 118.02,160.68 118.02,160.68
             118.02,160.68 122.59,162.16 122.59,162.16
             121.99,160.58 119.99,158.07 118.99,156.54
             118.99,156.54 111.04,144.67 111.04,144.67
             111.04,144.67 108.66,141.13 108.66,141.13
             108.38,140.74 107.71,139.99 107.79,139.49
             107.86,138.95 108.45,138.79 108.88,138.64
             108.88,138.64 111.33,141.97 111.33,141.97
             111.33,141.97 116.27,148.00 116.27,148.00
             116.27,148.00 123.49,156.75 123.49,156.75
             123.49,156.75 127.59,161.57 127.59,161.57
             127.59,161.57 131.32,163.00 131.32,163.00
             131.32,163.00 138.80,165.70 138.80,165.70
             138.80,165.70 136.60,157.58 136.60,157.58
             136.34,156.67 135.62,153.62 135.25,153.02
             134.89,152.44 132.56,150.53 131.94,150.31
             131.55,150.21 131.53,150.29 131.32,150.31
             130.85,148.95 128.49,147.60 127.37,146.69
             127.37,146.69 117.19,138.75 117.19,138.75
             117.19,138.75 113.65,136.03 113.65,136.03
             113.29,135.75 112.63,135.35 112.53,134.87
             112.45,134.51 112.90,133.64 113.03,133.22
             113.03,133.22 120.10,137.94 120.10,137.94
             120.10,137.94 130.90,145.16 130.90,145.16
             130.90,145.16 136.09,148.63 136.09,148.63
             136.09,148.63 134.43,143.01 134.43,143.01
             134.21,142.33 133.94,141.09 133.50,140.59
             132.97,140.00 131.43,139.28 130.69,138.89
             129.82,138.43 129.43,138.02 128.41,138.01
             127.86,137.16 126.40,136.59 125.50,136.10
             125.50,136.10 118.43,132.34 118.43,132.34
             117.78,131.99 115.40,130.89 115.19,130.27
             115.03,129.79 115.88,127.65 116.28,127.33
             116.52,127.14 116.70,127.14 116.99,127.17
             116.99,127.17 120.93,128.35 120.93,128.35
             120.93,128.35 131.73,131.65 131.73,131.65
             132.76,131.94 135.87,133.04 136.72,132.94
             137.30,132.87 138.43,132.21 139.00,131.92
             139.00,131.92 144.20,129.27 144.20,129.27
             144.20,129.27 137.76,127.85 137.76,127.85
             137.76,127.85 123.63,125.08 123.63,125.08
             123.63,125.08 119.68,124.29 119.68,124.29
             119.68,124.29 117.48,123.68 117.48,123.68
             117.48,123.68 116.98,122.61 116.98,122.61
             118.55,122.35 123.07,123.02 124.87,123.20
             124.87,123.20 139.00,124.52 139.00,124.52
             139.00,124.52 146.90,125.29 146.90,125.29
             147.99,125.20 149.59,124.30 150.64,123.82
             150.64,123.82 158.12,120.32 158.12,120.32
             157.25,119.43 156.46,119.20 155.42,118.61
             155.42,118.61 149.81,115.47 149.81,115.47
             149.03,115.05 147.24,113.87 146.48,113.77
             146.48,113.77 140.46,114.46 140.46,114.46
             140.46,114.46 127.37,116.12 127.37,116.12
             127.37,116.12 120.10,117.00 120.10,117.00
             119.52,117.06 117.91,117.40 117.46,117.16
             116.88,116.84 116.98,115.88 116.98,115.32
             116.98,115.32 127.16,113.45 127.16,113.45
             127.16,113.45 143.99,110.12 143.99,110.12
             143.99,110.12 139.63,107.65 139.63,107.65
             139.63,107.65 136.72,106.26 136.72,106.26
             136.72,106.26 134.43,106.75 134.43,106.75
             134.43,106.75 130.48,107.97 130.48,107.97
             130.48,107.97 116.15,112.41 116.15,112.41
             116.15,112.41 115.02,109.12 115.02,109.12
             115.02,109.12 116.15,108.10 116.15,108.10
             116.15,108.10 119.89,106.11 119.89,106.11
             119.89,106.11 129.03,101.23 129.03,101.23
             129.03,101.23 133.33,98.80 133.33,98.80
             133.33,98.80 134.36,96.38 134.36,96.38
             134.36,96.38 136.09,90.76 136.09,90.76
             134.80,91.24 131.33,93.76 129.98,94.68
             129.98,94.68 118.64,102.28 118.64,102.28
             118.64,102.28 114.49,105.11 114.49,105.11
             114.02,105.40 113.25,105.95 112.73,105.47
             112.08,104.85 113.66,103.88 114.07,103.54
             114.07,103.54 120.32,98.40 120.32,98.40
             120.32,98.40 125.71,94.04 125.71,94.04
             125.71,94.04 129.69,90.69 129.69,90.69
             129.69,90.69 135.37,85.95 135.37,85.95
             135.89,85.28 136.65,82.95 136.99,82.02
             136.99,82.02 139.63,74.31 139.63,74.31
             139.63,74.31 130.48,76.95 130.48,76.95
             129.78,77.17 127.47,77.75 127.01,78.05
             126.38,78.46 124.04,81.60 123.38,82.43
             123.38,82.43 118.75,88.47 118.75,88.47
             118.75,88.47 115.49,92.63 115.49,92.63
             115.49,92.63 111.32,98.05 111.32,98.05
             110.62,98.95 109.62,99.79 109.50,100.96
             108.29,101.24 108.38,100.94 107.21,100.33
             107.21,100.33 110.67,95.13 110.67,95.13
             110.67,95.13 118.75,83.06 118.75,83.06
             118.75,83.06 122.59,77.23 122.59,77.23
             121.35,77.40 118.09,78.47 116.77,78.92
             116.06,79.17 115.12,79.30 114.57,79.82
             114.03,80.32 112.75,82.89 112.36,83.68
             112.36,83.68 108.88,90.13 108.88,90.13
             108.88,90.13 105.68,96.17 105.68,96.17
             105.35,96.80 104.91,98.07 104.08,98.07
             103.73,98.07 103.17,97.79 102.85,97.65
             102.44,97.47 101.49,97.18 101.29,96.79
             101.11,96.45 101.35,95.89 101.45,95.54
             101.45,95.54 102.40,92.42 102.40,92.42
             102.40,92.42 105.82,81.18 105.82,81.18
             106.06,80.34 107.11,77.23 107.06,76.60
             107.02,76.04 106.23,74.67 105.93,74.11
             105.93,74.11 103.27,69.11 103.27,69.11
             103.27,69.11 101.98,75.15 101.98,75.15
             101.98,75.15 99.53,87.64 99.53,87.64
             99.53,87.64 98.43,93.47 98.43,93.47
             98.43,93.47 98.07,96.17 98.07,96.17
             97.54,96.07 96.51,95.99 96.22,95.48
             95.96,95.01 96.31,93.23 96.38,92.63
             96.38,92.63 97.33,85.14 97.33,85.14
             97.33,85.14 98.93,72.23 98.93,72.23
             98.93,72.23 99.48,66.82 99.48,66.82
             99.33,65.80 98.16,64.03 97.63,63.07
             97.63,63.07 94.97,58.29 94.97,58.29
             94.45,57.31 93.85,55.93 93.08,55.16 Z
           M 118.43,83.06
           C 118.43,83.06 118.43,83.27 118.43,83.27
             118.43,83.27 118.23,83.06 118.23,83.06
             118.23,83.06 118.43,83.06 118.43,83.06 Z
           M 69.61,83.68
           C 69.61,83.68 69.61,83.89 69.61,83.89
             69.61,83.89 69.40,83.68 69.40,83.68
             69.40,83.68 69.61,83.68 69.61,83.68 Z
           M 52.57,85.76
           C 52.57,85.76 52.57,85.97 52.57,85.97
             52.57,85.97 52.36,85.76 52.36,85.76
             52.36,85.76 52.57,85.76 52.57,85.76 Z
           M 77.29,89.72
           C 77.29,89.72 77.29,89.93 77.29,89.93
             77.29,89.93 77.09,89.72 77.09,89.72
             77.09,89.72 77.29,89.72 77.29,89.72 Z
           M 60.88,102.00
           C 60.88,102.00 60.88,102.21 60.88,102.21
             60.88,102.21 60.67,102.00 60.67,102.00
             60.67,102.00 60.88,102.00 60.88,102.00 Z
           M 114.90,108.24
           C 114.90,108.24 114.90,108.45 114.90,108.45
             114.90,108.45 114.69,108.24 114.69,108.24
             114.69,108.24 114.90,108.24 114.90,108.24 Z
           M 121.55,110.95
           C 121.55,110.95 121.55,111.16 121.55,111.16
             121.55,111.16 121.34,110.95 121.34,110.95
             121.34,110.95 121.55,110.95 121.55,110.95 Z
           M 63.16,128.44
           C 63.16,128.44 63.16,128.64 63.16,128.64
             63.16,128.64 62.96,128.44 62.96,128.44
             62.96,128.44 63.16,128.44 63.16,128.44 Z
           M 74.59,133.22
           C 74.59,133.22 74.59,133.43 74.59,133.43
             74.59,133.43 74.38,133.22 74.38,133.22
             74.38,133.22 74.59,133.22 74.59,133.22 Z
           M 128.20,137.80
           C 128.20,137.80 128.20,138.01 128.20,138.01
             128.20,138.01 127.99,137.80 127.99,137.80
             127.99,137.80 128.20,137.80 128.20,137.80 Z
           M 82.07,141.55
           C 82.07,141.55 82.07,141.76 82.07,141.76
             82.07,141.76 81.86,141.55 81.86,141.55
             81.86,141.55 82.07,141.55 82.07,141.55 Z
           M 17.66,165.07
           C 17.66,165.07 14.78,174.23 14.78,174.23
             14.57,174.98 14.02,177.16 13.42,177.56
             13.03,177.82 12.30,177.77 11.84,177.77
             11.84,177.77 0.62,177.56 0.62,177.56
             1.16,178.49 2.01,178.87 2.85,179.51
             2.85,179.51 8.31,183.51 8.31,183.51
             8.88,183.92 10.51,184.94 10.78,185.52
             11.10,186.19 10.29,188.26 10.04,189.01
             10.04,189.01 8.43,194.01 8.43,194.01
             8.03,195.17 7.38,196.79 7.27,197.96
             7.27,197.96 14.75,192.65 14.75,192.65
             14.75,192.65 17.87,190.71 17.87,190.71
             17.87,190.71 20.99,192.67 20.99,192.67
             20.99,192.67 28.47,197.96 28.47,197.96
             28.47,197.96 25.70,189.01 25.70,189.01
             25.49,188.30 24.66,186.28 24.84,185.70
             25.05,185.02 27.19,183.59 27.84,183.13
             29.32,182.08 34.17,178.70 35.11,177.56
             35.11,177.56 29.71,177.56 29.71,177.56
             29.71,177.56 26.80,177.77 26.80,177.77
             26.80,177.77 22.02,177.77 22.02,177.77
             22.02,177.77 19.25,169.24 19.25,169.24
             19.25,169.24 17.66,165.07 17.66,165.07 Z
           M 169.34,165.07
           C 169.34,165.07 166.93,172.78 166.93,172.78
             166.71,173.55 165.74,176.82 165.37,177.29
             164.92,177.87 164.18,177.77 163.52,177.77
             163.52,177.77 156.66,177.77 156.66,177.77
             155.25,177.77 153.67,177.90 152.30,177.56
             152.86,178.51 153.93,179.06 154.79,179.70
             154.79,179.70 160.08,183.55 160.08,183.55
             160.67,183.98 162.19,184.94 162.47,185.51
             162.83,186.24 161.98,188.01 161.74,188.80
             161.74,188.80 158.95,197.96 158.95,197.96
             158.95,197.96 166.43,192.68 166.43,192.68
             166.43,192.68 169.55,190.70 169.55,190.70
             169.55,190.70 172.46,192.55 172.46,192.55
             172.46,192.55 180.14,197.96 180.14,197.96
             180.14,197.96 177.37,189.01 177.37,189.01
             177.11,188.23 176.22,186.22 176.59,185.51
             176.85,185.02 178.38,183.96 178.90,183.58
             178.90,183.58 184.09,179.78 184.09,179.78
             185.02,179.08 186.04,178.61 186.58,177.56
             186.58,177.56 180.97,177.56 180.97,177.56
             180.97,177.56 175.78,177.77 175.78,177.77
             175.78,177.77 173.49,177.56 173.49,177.56
             173.49,177.56 170.76,168.82 170.76,168.82
             170.76,168.82 169.34,165.07 169.34,165.07 Z
           M 13.92,177.98
           C 13.92,177.98 13.92,178.19 13.92,178.19
             13.92,178.19 13.71,177.98 13.71,177.98
             13.71,177.98 13.92,177.98 13.92,177.98 Z
           M 171.21,190.26
           C 171.21,190.26 171.21,190.47 171.21,190.47
             171.21,190.47 171.00,190.26 171.00,190.26
             171.00,190.26 171.21,190.26 171.21,190.26 Z" />
</svg>
