<?xml version="1.0" encoding="UTF-8" standalone="no"?>
<!DOCTYPE svg PUBLIC "-//W3C//DTD SVG 20010904//EN"
              "http://www.w3.org/TR/2001/REC-SVG-20010904/DTD/svg10.dtd">

<svg xmlns="http://www.w3.org/2000/svg"
     width="2.86667in" height="1.33333in"
     viewBox="0 0 860 400">
  <path id="Selection"
        fill="none" stroke="black" stroke-width="1"
        d="M 29.00,113.00
           C 29.00,113.00 22.68,120.80 22.68,120.80
             22.68,120.80 11.00,119.00 11.00,119.00
             11.00,119.00 15.87,130.00 15.87,130.00
             15.87,130.00 11.00,140.00 11.00,140.00
             11.00,140.00 21.96,138.35 21.96,138.35
             21.96,138.35 31.00,146.00 31.00,146.00
             31.00,143.24 30.62,137.51 32.02,135.27
             33.77,132.49 39.89,131.04 43.00,130.00
             38.77,126.97 34.64,126.79 32.60,124.49
             30.42,122.04 31.00,116.21 31.00,113.00
             31.00,113.00 29.00,113.00 29.00,113.00 Z
           M 88.00,142.00
           C 88.00,142.00 83.95,152.00 83.95,152.00
             83.95,152.00 86.00,182.00 86.00,182.00
             86.00,182.00 79.00,157.00 79.00,157.00
             73.52,167.08 78.84,173.30 81.00,184.00
             81.00,184.00 78.00,185.00 78.00,185.00
             78.00,185.00 67.61,167.09 67.61,167.09
             67.61,167.09 61.00,165.00 61.00,165.00
             61.00,165.00 74.00,188.00 74.00,188.00
             59.48,172.15 60.83,163.50 43.00,162.00
             43.00,162.00 46.92,172.91 46.92,172.91
             46.92,172.91 68.00,192.00 68.00,192.00
             68.00,192.00 47.00,179.00 47.00,179.00
             47.47,182.23 47.75,185.00 50.30,187.37
             55.55,192.23 63.56,192.15 66.00,200.00
             53.92,197.24 46.31,190.88 39.00,199.00
             39.00,199.00 64.00,204.00 64.00,204.00
             64.00,204.00 36.00,202.49 36.00,202.49
             36.00,202.49 25.00,207.00 25.00,207.00
             25.00,207.00 25.00,209.00 25.00,209.00
             25.00,209.00 36.00,213.79 36.00,213.79
             36.00,213.79 64.00,211.00 64.00,211.00
             57.32,216.68 46.30,214.19 39.00,219.00
             52.09,226.12 54.33,215.98 67.00,218.00
             67.00,218.00 67.00,220.00 67.00,220.00
             67.00,220.00 48.93,230.39 48.93,230.39
             48.93,230.39 47.00,238.00 47.00,238.00
             47.00,238.00 69.00,224.00 69.00,224.00
             58.12,234.00 45.42,239.57 43.00,255.00
             43.00,255.00 54.96,251.28 54.96,251.28
             54.96,251.28 74.00,229.00 74.00,229.00
             74.00,229.00 60.00,252.00 60.00,252.00
             75.13,249.61 70.54,236.53 81.00,231.00
             79.94,242.73 73.52,247.05 78.00,259.00
             78.00,259.00 80.00,259.00 80.00,259.00
             80.00,259.00 85.00,234.00 85.00,234.00
             85.00,234.00 83.48,264.00 83.48,264.00
             83.48,264.00 88.00,274.00 88.00,274.00
             88.00,274.00 90.00,274.00 90.00,274.00
             90.00,274.00 94.75,262.00 94.75,262.00
             94.75,262.00 92.00,233.00 92.00,233.00
             94.92,238.31 97.13,252.53 98.00,259.00
             105.61,254.56 101.30,247.62 99.42,241.00
             98.13,236.43 96.39,233.76 101.00,231.00
             102.25,235.39 107.57,247.47 111.21,249.91
             113.25,251.28 115.63,251.63 118.00,252.00
             118.00,252.00 104.00,229.00 104.00,229.00
             115.23,240.77 117.85,251.64 134.00,256.00
             134.00,256.00 130.91,243.17 130.91,243.17
             130.91,243.17 109.00,223.00 109.00,223.00
             109.00,223.00 132.00,238.00 132.00,238.00
             132.00,238.00 129.16,230.39 129.16,230.39
             129.16,230.39 111.00,220.00 111.00,220.00
             111.00,220.00 111.00,218.00 111.00,218.00
             123.18,215.63 126.49,226.44 139.00,219.00
             131.70,214.19 120.68,216.68 114.00,211.00
             114.00,211.00 143.00,214.19 143.00,214.19
             143.00,214.19 154.00,209.00 154.00,209.00
             154.00,209.00 154.00,207.00 154.00,207.00
             154.00,207.00 143.00,202.70 143.00,202.70
             143.00,202.70 114.00,205.00 114.00,205.00
             114.00,205.00 139.00,199.00 139.00,199.00
             139.00,199.00 139.00,197.00 139.00,197.00
             127.60,192.30 123.35,198.25 112.00,200.00
             114.29,193.03 122.57,192.25 127.73,188.04
             130.56,185.72 131.22,182.39 132.00,179.00
             132.00,179.00 109.00,193.00 109.00,193.00
             109.00,193.00 130.91,173.83 130.91,173.83
             130.91,173.83 135.00,161.00 135.00,161.00
             116.81,164.29 116.76,177.05 104.00,187.00
             104.00,187.00 118.00,165.00 118.00,165.00
             114.17,165.56 111.48,165.83 108.96,169.14
             105.12,174.20 104.33,183.61 97.00,184.00
             97.00,184.00 102.43,164.00 102.43,164.00
             102.43,164.00 99.00,157.00 99.00,157.00
             96.73,163.89 96.18,177.08 92.00,182.00
             93.08,168.65 99.61,152.24 88.00,142.00 Z
           M 69.00,192.00
           C 69.00,192.00 69.00,193.00 69.00,193.00
             69.00,193.00 68.00,192.00 68.00,192.00
             68.00,192.00 69.00,192.00 69.00,192.00 Z
           M 193.00,191.00
           C 190.83,193.80 187.63,199.34 183.99,199.88
             183.99,199.88 174.00,198.00 174.00,198.00
             174.00,198.00 178.64,207.00 178.64,207.00
             178.64,207.00 174.00,219.00 174.00,219.00
             174.00,219.00 184.96,217.35 184.96,217.35
             184.96,217.35 194.00,226.00 194.00,226.00
             194.00,222.71 193.34,216.01 195.60,213.56
             197.40,211.60 201.81,211.03 206.00,208.00
             206.00,208.00 195.02,202.70 195.02,202.70
             195.02,202.70 193.00,191.00 193.00,191.00 Z
           M 10.00,276.00
           C 10.00,276.00 14.98,287.00 14.98,287.00
             14.98,287.00 10.00,298.00 10.00,298.00
             10.00,298.00 20.91,295.92 20.91,295.92
             24.11,296.60 27.23,302.35 29.00,305.00
             29.00,305.00 32.60,292.42 32.60,292.42
             32.60,292.42 43.00,286.00 43.00,286.00
             30.01,283.04 31.00,280.79 31.00,270.00
             31.00,270.00 21.83,277.65 21.83,277.65
             21.83,277.65 10.00,276.00 10.00,276.00 Z" />
</svg>
