<?xml version="1.0" encoding="UTF-8" standalone="no"?>
<!DOCTYPE svg PUBLIC "-//W3C//DTD SVG 20010904//EN"
              "http://www.w3.org/TR/2001/REC-SVG-20010904/DTD/svg10.dtd">

<svg xmlns="http://www.w3.org/2000/svg"
     width="2.86667in" height="1.33333in"
     viewBox="0 0 860 400">
  <path id="Selection"
        fill="none" stroke="black" stroke-width="1"
        d="M 33.00,36.00
           C 32.02,39.42 31.68,46.33 30.02,48.70
             27.81,51.85 20.63,52.51 17.00,53.00
             17.00,53.00 28.36,60.64 28.36,60.64
             28.36,60.64 29.00,74.00 29.00,74.00
             29.00,74.00 40.00,65.63 40.00,65.63
             40.00,65.63 53.00,69.00 53.00,69.00
             53.00,69.00 47.44,57.00 47.44,57.00
             47.44,57.00 55.00,45.00 55.00,45.00
             51.20,45.54 44.34,47.91 41.10,46.11
             38.39,44.60 35.73,39.00 33.00,36.00 Z
           M 81.00,137.00
           C 81.00,137.00 76.43,148.00 76.43,148.00
             76.43,148.00 79.00,176.00 79.00,176.00
             79.00,176.00 73.00,151.00 73.00,151.00
             65.41,160.20 71.71,163.15 74.00,178.00
             66.65,174.12 66.68,165.92 61.61,161.56
             59.46,159.71 56.69,159.39 54.00,159.00
             54.00,159.00 68.00,181.00 68.00,181.00
             68.00,181.00 49.83,159.84 49.83,159.84
             49.83,159.84 37.00,156.00 37.00,156.00
             37.00,156.00 42.42,167.83 42.42,167.83
             42.42,167.83 63.00,186.00 63.00,186.00
             63.00,186.00 41.00,172.00 41.00,172.00
             41.50,174.17 41.98,176.73 43.25,178.61
             45.26,181.60 56.36,186.94 60.00,188.00
             60.00,188.00 59.00,192.00 59.00,192.00
             59.00,192.00 40.00,186.96 40.00,186.96
             40.00,186.96 33.00,190.00 33.00,190.00
             33.00,190.00 58.00,195.00 58.00,195.00
             58.00,195.00 58.00,197.00 58.00,197.00
             58.00,197.00 31.00,194.22 31.00,194.22
             31.00,194.22 20.00,199.00 20.00,199.00
             20.00,199.00 20.00,201.00 20.00,201.00
             20.00,201.00 32.00,204.90 32.00,204.90
             32.00,204.90 58.00,203.00 58.00,203.00
             58.00,203.00 33.00,208.00 33.00,208.00
             40.67,215.64 50.05,209.98 59.00,207.00
             59.00,207.00 60.00,211.00 60.00,211.00
             56.36,212.06 45.26,217.40 43.25,220.39
             41.98,222.27 41.50,224.83 41.00,227.00
             41.00,227.00 63.00,214.00 63.00,214.00
             63.00,214.00 41.85,232.04 41.85,232.04
             41.85,232.04 38.00,244.00 38.00,244.00
             56.46,239.79 55.09,229.65 68.00,219.00
             68.00,219.00 54.00,240.00 54.00,240.00
             56.47,239.77 58.66,239.64 60.79,238.15
             63.90,235.96 69.34,224.83 71.00,221.00
             71.00,221.00 74.00,222.00 74.00,222.00
             74.00,222.00 69.45,242.00 69.45,242.00
             69.45,242.00 72.00,248.00 72.00,248.00
             72.00,248.00 78.00,223.00 78.00,223.00
             78.00,223.00 76.30,250.00 76.30,250.00
             76.30,250.00 81.00,262.00 81.00,262.00
             81.00,262.00 87.19,251.00 87.19,251.00
             87.19,251.00 84.00,223.00 84.00,223.00
             88.72,228.55 88.60,240.71 91.00,248.00
             91.00,248.00 94.43,241.00 94.43,241.00
             94.43,241.00 89.00,222.00 89.00,222.00
             89.00,222.00 93.00,221.00 93.00,221.00
             94.31,224.56 99.58,235.88 102.39,237.91
             104.34,239.33 106.70,239.64 109.00,240.00
             109.00,240.00 97.00,220.00 97.00,220.00
             97.00,220.00 114.09,239.49 114.09,239.49
             114.09,239.49 125.00,244.00 125.00,244.00
             125.00,244.00 121.28,231.17 121.28,231.17
             121.28,231.17 100.00,213.00 100.00,213.00
             100.00,213.00 123.00,227.00 123.00,227.00
             121.93,223.85 121.30,221.10 118.73,218.79
             113.12,213.76 106.89,214.76 103.00,207.00
             103.00,207.00 124.00,212.12 124.00,212.12
             124.00,212.12 130.00,209.00 130.00,209.00
             130.00,209.00 105.00,202.00 105.00,202.00
             105.00,202.00 133.00,204.79 133.00,204.79
             133.00,204.79 144.00,201.00 144.00,201.00
             133.57,189.17 117.66,196.37 104.00,197.00
             110.19,193.60 122.74,191.96 130.00,191.00
             127.63,188.61 125.59,186.88 122.00,186.94
             115.07,187.06 108.15,194.05 102.00,189.00
             105.86,187.78 117.91,181.86 120.16,178.79
             121.42,177.07 122.31,174.06 123.00,172.00
             123.00,172.00 100.00,186.00 100.00,186.00
             100.00,186.00 122.16,166.83 122.16,166.83
             122.16,166.83 126.00,156.00 126.00,156.00
             126.00,156.00 114.04,159.72 114.04,159.72
             114.04,159.72 95.00,181.00 95.00,181.00
             95.00,181.00 109.00,159.00 109.00,159.00
             109.00,159.00 102.39,161.09 102.39,161.09
             102.39,161.09 92.00,179.00 92.00,179.00
             92.00,179.00 89.00,178.00 89.00,178.00
             89.00,178.00 94.43,158.00 94.43,158.00
             94.43,158.00 91.00,151.00 91.00,151.00
             91.00,151.00 86.00,177.00 86.00,177.00
             83.09,168.63 88.25,156.64 87.30,149.00
             86.89,145.67 83.14,139.68 81.00,137.00 Z
           M 184.00,180.00
           C 183.02,183.42 182.68,190.33 181.02,192.70
             178.81,195.85 171.63,196.51 168.00,197.00
             168.00,197.00 179.36,204.64 179.36,204.64
             179.36,204.64 180.00,218.00 180.00,218.00
             180.00,218.00 191.00,209.63 191.00,209.63
             191.00,209.63 204.00,213.00 204.00,213.00
             204.00,213.00 198.44,201.00 198.44,201.00
             198.44,201.00 206.00,189.00 206.00,189.00
             202.20,189.54 195.34,191.91 192.10,190.11
             189.39,188.60 186.73,183.00 184.00,180.00 Z
           M 37.00,319.00
           C 36.02,322.42 35.68,329.33 34.02,331.70
             31.81,334.85 24.63,335.51 21.00,336.00
             21.00,336.00 32.36,343.64 32.36,343.64
             32.36,343.64 33.00,357.00 33.00,357.00
             33.00,357.00 44.00,348.63 44.00,348.63
             44.00,348.63 57.00,352.00 57.00,352.00
             57.00,352.00 51.44,340.00 51.44,340.00
             51.44,340.00 59.00,328.00 59.00,328.00
             55.20,328.54 48.34,330.91 45.10,329.11
             42.39,327.60 39.73,322.00 37.00,319.00 Z" />
</svg>
