<?xml version="1.0" encoding="UTF-8" standalone="no"?>
<!DOCTYPE svg PUBLIC "-//W3C//DTD SVG 20010904//EN"
              "http://www.w3.org/TR/2001/REC-SVG-20010904/DTD/svg10.dtd">

<svg xmlns="http://www.w3.org/2000/svg"
     width="2.86667in" height="1.33333in"
     viewBox="0 0 860 400">
  <path id="Selection #1"
        fill="none" stroke="black" stroke-width="1"
        d="M 33.00,45.00
           C 32.57,48.25 32.34,54.03 29.69,56.15
             27.34,58.02 24.20,57.54 20.00,60.00
             20.00,60.00 29.17,65.41 29.17,65.41
             29.17,65.41 30.00,77.00 30.00,77.00
             30.00,77.00 39.58,69.24 39.58,69.24
             39.58,69.24 50.00,72.00 50.00,72.00
             50.00,72.00 46.50,62.00 46.50,62.00
             46.50,62.00 53.00,52.00 53.00,52.00
             53.00,52.00 40.33,52.96 40.33,52.96
             40.33,52.96 33.00,45.00 33.00,45.00 Z
           M 78.00,137.00
           C 78.00,137.00 74.72,145.00 74.72,145.00
             74.72,145.00 77.00,172.00 77.00,172.00
             72.83,167.50 71.84,156.20 71.00,150.00
             63.13,157.71 72.68,163.02 71.00,174.00
             71.00,174.00 69.00,174.00 69.00,174.00
             65.19,166.07 62.76,158.86 54.00,156.00
             54.00,156.00 66.00,176.00 66.00,176.00
             53.66,166.38 55.30,155.56 38.00,154.00
             42.07,169.05 51.56,169.30 61.00,180.00
             61.00,180.00 42.00,169.00 42.00,169.00
             42.20,170.71 42.19,172.08 43.17,173.61
             45.18,176.74 55.31,180.95 59.00,182.17
             55.33,188.33 49.01,183.14 43.00,182.17
             39.50,181.87 38.07,182.58 35.00,184.00
             35.00,184.00 57.00,191.00 57.00,191.00
             57.00,191.00 31.00,188.45 31.00,188.45
             31.00,188.45 22.00,193.00 22.00,193.00
             30.93,201.83 45.38,195.02 57.00,196.00
             51.46,198.61 41.19,200.49 35.00,201.00
             44.30,210.04 53.56,194.89 59.00,204.00
             55.32,205.05 45.25,209.23 43.29,212.39
             42.39,213.83 42.27,215.38 42.00,217.00
             42.00,217.00 61.00,206.00 61.00,206.00
             61.00,206.00 41.85,223.09 41.85,223.09
             41.85,223.09 39.00,233.00 39.00,233.00
             55.32,229.28 53.80,219.93 66.00,211.00
             66.00,211.00 54.00,230.00 54.00,230.00
             66.98,226.62 61.88,216.27 72.00,213.00
             72.00,213.00 67.92,231.96 67.92,231.96
             67.92,231.96 71.00,236.00 71.00,236.00
             71.83,229.88 72.66,219.38 77.00,215.00
             77.00,215.00 74.72,241.00 74.72,241.00
             74.72,241.00 79.00,249.00 79.00,249.00
             79.00,249.00 83.77,239.00 83.77,239.00
             83.77,239.00 82.00,214.00 82.00,214.00
             82.00,214.00 88.00,236.00 88.00,236.00
             93.12,229.22 87.67,220.38 86.00,213.00
             86.00,213.00 90.00,212.00 90.00,212.00
             91.07,215.65 95.62,225.04 98.39,227.44
             100.04,228.88 101.98,229.34 104.00,230.00
             104.00,230.00 92.00,210.00 92.00,210.00
             102.83,219.46 105.11,230.70 120.00,233.00
             120.00,233.00 116.19,222.46 116.19,222.46
             116.19,222.46 96.00,205.00 96.00,205.00
             96.00,205.00 117.00,218.00 117.00,218.00
             114.06,204.41 102.34,210.16 99.00,200.00
             105.75,200.61 118.59,207.32 123.00,201.00
             116.80,200.16 105.50,199.17 101.00,195.00
             101.00,195.00 128.00,197.60 128.00,197.60
             128.00,197.60 137.00,194.00 137.00,194.00
             137.00,194.00 127.00,188.43 127.00,188.43
             127.00,188.43 100.00,191.00 100.00,191.00
             100.00,191.00 100.00,189.00 100.00,189.00
             100.00,189.00 123.00,185.00 123.00,185.00
             113.87,176.60 104.27,191.13 98.00,183.00
             101.59,181.95 113.01,176.39 115.15,173.61
             116.33,172.09 116.53,170.77 117.00,169.00
             117.00,169.00 96.00,181.00 96.00,181.00
             104.56,172.63 117.72,166.52 120.00,154.00
             105.54,155.30 101.64,166.90 92.00,177.00
             92.00,177.00 104.00,156.00 104.00,156.00
             102.04,156.71 100.01,157.32 98.39,158.70
             95.51,161.14 91.09,170.27 90.00,174.00
             85.26,171.16 87.24,168.59 88.58,164.00
             90.29,158.09 92.03,155.33 88.00,150.00
             85.76,156.79 86.07,166.92 81.00,172.00
             81.00,172.00 83.61,146.00 83.61,146.00
             83.61,146.00 78.00,137.00 78.00,137.00 Z
           M 175.00,177.00
           C 174.90,188.15 172.76,189.55 162.00,191.00
             165.09,195.13 168.81,194.26 171.40,197.41
             173.66,200.17 172.16,205.51 172.00,209.00
             172.00,209.00 182.00,201.81 182.00,201.81
             182.00,201.81 193.00,204.00 193.00,204.00
             193.00,204.00 188.87,194.00 188.87,194.00
             188.87,194.00 195.00,184.00 195.00,184.00
             195.00,184.00 183.10,184.94 183.10,184.94
             183.10,184.94 175.00,177.00 175.00,177.00 Z
           M 37.00,304.00
           C 36.60,306.22 35.90,312.30 34.98,313.86
             32.90,317.39 26.76,318.24 23.00,319.00
             23.00,319.00 32.40,324.65 32.40,324.65
             34.98,327.50 33.81,332.66 33.00,336.00
             33.00,336.00 44.00,329.21 44.00,329.21
             44.00,329.21 54.00,332.00 54.00,332.00
             54.00,332.00 50.24,322.00 50.24,322.00
             50.24,322.00 56.00,312.00 56.00,312.00
             53.66,312.19 47.69,313.33 46.02,312.96
             42.17,312.12 39.67,306.92 37.00,304.00 Z" />
</svg>
