<?xml version="1.0" encoding="UTF-8" standalone="no"?>
<!DOCTYPE svg PUBLIC "-//W3C//DTD SVG 20010904//EN"
              "http://www.w3.org/TR/2001/REC-SVG-20010904/DTD/svg10.dtd">

<svg xmlns="http://www.w3.org/2000/svg"
     width="2.86667in" height="1.33333in"
     viewBox="0 0 860 400">
  <path id="Selection"
        fill="none" stroke="black" stroke-width="1"
        d="M 381.00,130.22
           C 368.41,132.49 358.65,135.76 348.00,143.03
             339.98,148.50 333.50,154.98 328.03,163.00
             306.26,194.91 314.48,238.98 345.00,262.10
             361.85,274.86 382.23,279.43 403.00,276.71
             411.31,275.62 422.73,271.29 430.00,267.13
             471.88,243.18 479.36,186.42 445.91,152.04
             439.35,145.29 429.73,139.14 421.00,135.60
             412.72,132.25 403.98,130.11 395.00,130.22
             395.00,130.22 381.00,130.22 381.00,130.22 Z
           M 390.96,138.00
           C 390.96,138.00 390.96,155.00 390.96,155.00
             390.96,155.00 389.09,176.00 389.09,176.00
             389.09,176.00 390.00,192.00 390.00,192.00
             393.67,188.02 393.93,182.25 394.00,177.00
             394.12,166.81 390.79,145.76 393.00,138.00
             393.00,138.00 400.09,142.11 400.09,142.11
             400.09,142.11 408.00,140.00 408.00,140.00
             406.66,154.85 392.96,178.67 394.00,193.00
             394.00,193.00 397.00,188.00 397.00,188.00
             397.00,188.00 399.00,196.00 399.00,196.00
             399.00,196.00 404.00,194.00 404.00,194.00
             404.00,194.00 401.00,197.00 401.00,197.00
             401.00,197.00 402.00,201.00 402.00,201.00
             425.68,200.79 441.77,188.75 457.00,188.00
             457.00,188.00 454.89,195.87 454.89,195.87
             454.89,195.87 459.00,203.00 459.00,203.00
             459.00,203.00 443.00,203.00 443.00,203.00
             443.00,203.00 420.00,201.04 420.00,201.04
             420.00,201.04 403.00,202.00 403.00,202.00
             403.00,202.00 406.00,204.00 406.00,204.00
             406.00,204.00 403.00,205.00 403.00,205.00
             403.00,205.00 404.00,208.00 404.00,208.00
             404.00,208.00 404.00,212.00 404.00,212.00
             404.00,212.00 400.00,211.00 400.00,211.00
             400.00,211.00 397.00,213.00 397.00,213.00
             397.00,213.00 398.00,217.00 398.00,217.00
             398.00,217.00 396.00,214.00 396.00,214.00
             391.68,229.38 407.19,251.52 408.00,268.00
             405.87,267.45 401.82,265.66 400.09,265.87
             397.74,266.17 395.53,269.08 393.60,267.83
             391.84,266.70 392.97,260.10 393.08,258.00
             393.08,258.00 393.08,248.00 393.08,248.00
             393.08,248.00 394.82,229.00 394.82,229.00
             394.47,224.09 394.55,218.59 391.00,215.00
             391.00,215.00 391.00,220.00 391.00,220.00
             391.00,220.00 390.00,215.00 390.00,215.00
             390.00,215.00 386.00,221.00 386.00,221.00
             386.00,221.00 387.00,214.00 387.00,214.00
             387.00,214.00 383.00,216.00 383.00,216.00
             383.00,216.00 384.00,212.00 384.00,212.00
             384.00,212.00 378.00,210.00 378.00,210.00
             378.00,210.00 381.00,208.00 381.00,208.00
             375.55,206.10 369.53,207.43 364.00,208.66
             358.64,209.86 355.02,211.52 350.00,213.31
             350.00,213.31 327.00,220.00 327.00,220.00
             327.00,220.00 326.00,219.00 326.00,219.00
             326.00,219.00 328.69,212.10 328.69,212.10
             328.69,212.10 325.00,204.00 325.00,204.00
             325.00,204.00 340.00,205.00 340.00,205.00
             340.00,205.00 361.00,206.00 361.00,206.00
             361.00,206.00 380.00,205.00 380.00,205.00
             380.00,205.00 380.00,203.00 380.00,203.00
             380.00,203.00 362.00,201.03 362.00,201.03
             362.00,201.03 339.00,203.00 339.00,203.00
             339.00,203.00 325.00,203.00 325.00,203.00
             325.00,203.00 325.00,199.00 325.00,199.00
             329.87,196.46 330.08,194.63 326.00,191.00
             326.00,191.00 327.00,187.00 327.00,187.00
             344.59,192.14 361.78,199.54 380.00,202.00
             380.00,202.00 379.00,199.00 379.00,199.00
             379.00,199.00 378.00,194.00 378.00,194.00
             388.66,196.61 384.01,189.44 383.00,183.00
             383.00,183.00 389.00,193.00 389.00,193.00
             388.95,177.78 384.60,169.81 379.69,156.00
             379.69,156.00 375.00,141.00 375.00,141.00
             382.63,139.97 383.34,145.94 388.00,138.00
             388.00,138.00 390.96,138.00 390.96,138.00 Z
           M 374.00,141.00
           C 374.00,141.00 383.00,183.00 383.00,183.00
             383.00,183.00 365.67,158.00 365.67,158.00
             362.59,153.35 359.98,150.77 361.00,145.00
             367.98,147.56 368.43,148.00 372.00,141.00
             372.00,141.00 374.00,141.00 374.00,141.00 Z
           M 412.00,141.00
           C 415.66,149.10 416.43,146.93 424.00,146.00
             421.89,156.35 405.24,174.27 400.00,186.00
             400.00,186.00 402.58,173.00 402.58,173.00
             402.58,173.00 410.00,141.00 410.00,141.00
             410.00,141.00 412.00,141.00 412.00,141.00 Z
           M 359.00,148.00
           C 359.00,148.00 378.00,186.00 378.00,186.00
             378.00,186.00 358.00,169.00 358.00,169.00
             353.12,164.79 348.83,161.98 346.00,156.00
             351.98,154.71 354.74,156.63 355.00,149.00
             355.00,149.00 359.00,148.00 359.00,148.00 Z
           M 428.00,148.00
           C 428.55,154.82 430.44,155.95 437.00,155.00
             437.00,155.00 438.00,156.00 438.00,156.00
             435.09,162.15 430.04,165.65 425.00,170.00
             425.00,170.00 403.00,189.00 403.00,189.00
             403.00,189.00 410.10,177.00 410.10,177.00
             410.10,177.00 419.42,158.00 419.42,158.00
             421.97,153.48 422.88,149.68 428.00,148.00 Z
           M 345.00,158.00
           C 345.00,158.00 368.28,183.99 368.28,183.99
             368.28,183.99 378.00,194.00 378.00,194.00
             378.00,194.00 365.00,186.26 365.00,186.26
             365.00,186.26 334.00,171.00 334.00,171.00
             334.00,171.00 341.32,165.69 341.32,165.69
             341.32,165.69 345.00,158.00 345.00,158.00 Z
           M 440.00,158.00
           C 442.32,166.80 439.44,165.94 449.00,169.00
             449.00,169.00 449.00,171.00 449.00,171.00
             449.00,171.00 407.00,192.00 407.00,192.00
             407.00,192.00 417.72,181.00 417.72,181.00
             424.63,173.16 431.46,164.11 440.00,158.00 Z
           M 374.00,196.00
           C 374.00,196.00 361.00,193.29 361.00,193.29
             361.00,193.29 327.00,186.00 327.00,186.00
             331.66,179.47 334.98,183.00 332.00,173.00
             332.00,173.00 333.00,172.00 333.00,172.00
             333.00,172.00 374.00,196.00 374.00,196.00 Z
           M 450.14,172.00
           C 450.14,172.00 450.14,179.86 450.14,179.86
             450.14,179.86 456.00,187.00 456.00,187.00
             456.00,187.00 443.00,189.79 443.00,189.79
             443.00,189.79 423.00,193.45 423.00,193.45
             423.00,193.45 411.00,196.00 411.00,196.00
             411.00,196.00 424.00,188.00 424.00,188.00
             424.00,188.00 450.14,172.00 450.14,172.00 Z
           M 379.00,186.00
           C 379.00,186.00 381.00,190.00 381.00,190.00
             381.00,190.00 379.00,186.00 379.00,186.00 Z
           M 403.00,189.00
           C 403.00,189.00 399.00,194.00 399.00,194.00
             399.00,194.00 403.00,189.00 403.00,189.00 Z
           M 382.00,190.00
           C 382.00,190.00 384.00,194.00 384.00,194.00
             384.00,194.00 382.00,190.00 382.00,190.00 Z
           M 411.00,196.00
           C 411.00,196.00 406.00,198.00 406.00,198.00
             406.00,198.00 411.00,196.00 411.00,196.00 Z
           M 375.00,197.00
           C 375.00,197.00 379.00,198.00 379.00,198.00
             379.00,198.00 374.00,198.00 374.00,198.00
             374.00,198.00 375.00,197.00 375.00,197.00 Z
           M 389.23,198.76
           C 383.08,203.12 387.58,210.19 392.95,208.36
             398.56,206.45 397.88,197.19 389.23,198.76 Z
           M 459.00,205.00
           C 459.00,205.00 459.00,207.00 459.00,207.00
             454.61,209.99 452.73,211.61 457.00,216.00
             457.00,216.00 456.00,220.00 456.00,220.00
             456.00,220.00 435.00,213.66 435.00,213.66
             424.84,210.14 417.10,206.51 406.00,205.99
             410.83,204.09 414.90,205.87 420.00,205.99
             430.25,206.22 450.31,202.53 459.00,205.00 Z
           M 405.00,208.00
           C 405.00,208.00 411.00,210.00 411.00,210.00
             411.00,210.00 404.00,209.00 404.00,209.00
             404.00,209.00 405.00,208.00 405.00,208.00 Z
           M 375.00,211.00
           C 375.00,211.00 363.00,217.54 363.00,217.54
             363.00,217.54 332.93,236.00 332.93,236.00
             332.93,236.00 332.93,227.31 332.93,227.31
             332.93,227.31 327.00,222.00 327.00,222.00
             335.74,218.28 349.36,216.54 359.00,214.74
             359.00,214.74 375.00,211.00 375.00,211.00 Z
           M 412.00,211.00
           C 412.00,211.00 425.00,214.55 425.00,214.55
             425.00,214.55 445.00,218.13 445.00,218.13
             449.54,219.22 454.28,219.22 456.00,224.00
             450.99,225.10 447.97,227.21 452.00,232.00
             452.00,232.00 451.00,235.00 451.00,235.00
             440.43,232.86 423.05,217.37 411.00,212.00
             411.00,212.00 412.00,211.00 412.00,211.00 Z
           M 405.00,212.00
           C 405.00,212.00 405.00,213.00 405.00,213.00
             405.00,213.00 404.00,212.00 404.00,212.00
             404.00,212.00 405.00,212.00 405.00,212.00 Z
           M 401.00,213.00
           C 401.00,213.00 403.00,217.00 403.00,217.00
             403.00,217.00 401.00,213.00 401.00,213.00 Z
           M 406.00,213.00
           C 406.00,213.00 409.00,216.00 409.00,216.00
             409.00,216.00 406.00,213.00 406.00,213.00 Z
           M 379.00,214.00
           C 379.00,214.00 367.28,225.01 367.28,225.01
             360.87,232.12 351.38,245.04 343.00,249.00
             343.00,249.00 342.00,248.00 342.00,248.00
             343.54,237.40 338.54,243.05 334.00,237.00
             334.00,237.00 365.00,221.68 365.00,221.68
             365.00,221.68 379.00,214.00 379.00,214.00 Z
           M 383.00,216.00
           C 383.00,216.00 378.00,222.00 378.00,222.00
             378.00,222.00 383.00,216.00 383.00,216.00 Z
           M 410.00,216.00
           C 410.00,216.00 410.00,217.00 410.00,217.00
             410.00,217.00 409.00,216.00 409.00,216.00
             409.00,216.00 410.00,216.00 410.00,216.00 Z
           M 399.00,217.00
           C 404.70,233.31 416.91,245.88 425.00,261.07
             425.00,261.07 416.14,261.07 416.14,261.07
             416.14,261.07 410.00,267.00 410.00,267.00
             410.00,267.00 402.34,232.00 402.34,232.00
             401.28,227.31 397.78,221.51 399.00,217.00 Z
           M 404.00,217.00
           C 404.00,217.00 406.00,221.00 406.00,221.00
             406.00,221.00 404.00,217.00 404.00,217.00 Z
           M 411.00,217.00
           C 411.00,217.00 436.00,229.26 436.00,229.26
             436.00,229.26 449.00,236.00 449.00,236.00
             449.00,236.00 448.00,240.00 448.00,240.00
             441.51,239.89 441.17,242.22 442.00,248.00
             442.00,248.00 441.00,249.00 441.00,249.00
             433.10,245.26 424.42,233.77 418.58,227.00
             415.91,223.91 412.06,221.00 411.00,217.00 Z
           M 390.00,220.00
           C 390.00,220.00 389.18,233.00 389.18,233.00
             389.18,233.00 391.00,257.00 391.00,257.00
             391.00,257.00 391.00,270.00 391.00,270.00
             384.78,267.94 384.75,262.42 379.00,268.00
             379.00,268.00 375.00,267.00 375.00,267.00
             375.00,267.00 386.00,234.00 386.00,234.00
             386.00,234.00 390.00,220.00 390.00,220.00 Z
           M 385.00,221.00
           C 385.00,221.00 381.21,235.00 381.21,235.00
             381.21,235.00 374.00,267.00 374.00,267.00
             374.00,267.00 366.86,261.14 366.86,261.14
             366.86,261.14 359.00,261.14 359.00,261.14
             359.00,261.14 376.58,234.00 376.58,234.00
             376.58,234.00 385.00,221.00 385.00,221.00 Z
           M 407.00,221.00
           C 407.00,221.00 439.00,251.00 439.00,251.00
             432.91,252.53 428.86,250.74 429.00,259.00
             429.00,259.00 426.00,260.00 426.00,260.00
             426.00,260.00 411.74,233.00 411.74,233.00
             409.94,229.33 406.53,225.13 407.00,221.00 Z
           M 378.00,222.00
           C 378.00,222.00 364.42,249.00 364.42,249.00
             361.70,253.82 361.09,257.31 356.00,260.00
             352.53,249.16 353.43,254.79 345.00,251.00
             349.87,244.75 370.98,226.96 378.00,222.00 Z" />
</svg>
