<?xml version="1.0" encoding="UTF-8" standalone="no"?>
<!DOCTYPE svg PUBLIC "-//W3C//DTD SVG 20010904//EN"
              "http://www.w3.org/TR/2001/REC-SVG-20010904/DTD/svg10.dtd">

<svg xmlns="http://www.w3.org/2000/svg"
     width="2.86667in" height="1.33333in"
     viewBox="0 0 860 400">
  <path id="Selection #1"
        fill="none" stroke="black" stroke-width="1"
        d="M 381.00,128.22
           C 368.41,130.49 358.65,133.76 348.00,141.03
             339.98,146.50 333.50,152.98 328.03,161.00
             306.26,192.91 314.48,236.98 345.00,260.10
             361.85,272.86 382.23,277.43 403.00,274.71
             411.31,273.62 422.73,269.29 430.00,265.13
             471.88,241.18 479.36,184.42 445.91,150.04
             439.35,143.29 429.73,137.14 421.00,133.60
             412.72,130.25 403.98,128.11 395.00,128.22
             395.00,128.22 381.00,128.22 381.00,128.22 Z
           M 390.96,136.00
           C 390.96,136.00 390.96,153.00 390.96,153.00
             390.96,153.00 389.09,174.00 389.09,174.00
             389.09,174.00 390.00,190.00 390.00,190.00
             393.67,186.02 393.93,180.25 394.00,175.00
             394.12,164.81 390.79,143.76 393.00,136.00
             393.00,136.00 400.09,140.11 400.09,140.11
             400.09,140.11 408.00,138.00 408.00,138.00
             406.66,152.85 392.96,176.67 394.00,191.00
             394.00,191.00 397.00,186.00 397.00,186.00
             397.00,186.00 399.00,194.00 399.00,194.00
             399.00,194.00 404.00,192.00 404.00,192.00
             404.00,192.00 401.00,195.00 401.00,195.00
             401.00,195.00 402.00,199.00 402.00,199.00
             425.68,198.79 441.77,186.75 457.00,186.00
             457.00,186.00 454.89,193.87 454.89,193.87
             454.89,193.87 459.00,201.00 459.00,201.00
             459.00,201.00 443.00,201.00 443.00,201.00
             443.00,201.00 420.00,199.04 420.00,199.04
             420.00,199.04 403.00,200.00 403.00,200.00
             403.00,200.00 406.00,202.00 406.00,202.00
             406.00,202.00 403.00,203.00 403.00,203.00
             403.00,203.00 404.00,206.00 404.00,206.00
             404.00,206.00 404.00,210.00 404.00,210.00
             404.00,210.00 400.00,209.00 400.00,209.00
             400.00,209.00 397.00,211.00 397.00,211.00
             397.00,211.00 398.00,215.00 398.00,215.00
             398.00,215.00 396.00,212.00 396.00,212.00
             391.68,227.38 407.19,249.52 408.00,266.00
             405.87,265.45 401.82,263.66 400.09,263.87
             397.74,264.17 395.53,267.08 393.60,265.83
             391.84,264.70 392.97,258.10 393.08,256.00
             393.08,256.00 393.08,246.00 393.08,246.00
             393.08,246.00 394.82,227.00 394.82,227.00
             394.47,222.09 394.55,216.59 391.00,213.00
             391.00,213.00 391.00,218.00 391.00,218.00
             391.00,218.00 390.00,213.00 390.00,213.00
             390.00,213.00 386.00,219.00 386.00,219.00
             386.00,219.00 387.00,212.00 387.00,212.00
             387.00,212.00 383.00,214.00 383.00,214.00
             383.00,214.00 384.00,210.00 384.00,210.00
             384.00,210.00 378.00,208.00 378.00,208.00
             378.00,208.00 381.00,206.00 381.00,206.00
             375.55,204.10 369.53,205.43 364.00,206.66
             358.64,207.86 355.02,209.52 350.00,211.31
             350.00,211.31 327.00,218.00 327.00,218.00
             327.00,218.00 326.00,217.00 326.00,217.00
             326.00,217.00 328.69,210.10 328.69,210.10
             328.69,210.10 325.00,202.00 325.00,202.00
             325.00,202.00 340.00,203.00 340.00,203.00
             340.00,203.00 361.00,204.00 361.00,204.00
             361.00,204.00 380.00,203.00 380.00,203.00
             380.00,203.00 380.00,201.00 380.00,201.00
             380.00,201.00 362.00,199.03 362.00,199.03
             362.00,199.03 339.00,201.00 339.00,201.00
             339.00,201.00 325.00,201.00 325.00,201.00
             325.00,201.00 325.00,197.00 325.00,197.00
             329.87,194.46 330.08,192.63 326.00,189.00
             326.00,189.00 327.00,185.00 327.00,185.00
             344.59,190.14 361.78,197.54 380.00,200.00
             380.00,200.00 379.00,197.00 379.00,197.00
             379.00,197.00 378.00,192.00 378.00,192.00
             388.66,194.61 384.01,187.44 383.00,181.00
             383.00,181.00 389.00,191.00 389.00,191.00
             388.95,175.78 384.60,167.81 379.69,154.00
             379.69,154.00 375.00,139.00 375.00,139.00
             382.63,137.97 383.34,143.94 388.00,136.00
             388.00,136.00 390.96,136.00 390.96,136.00 Z
           M 374.00,139.00
           C 374.00,139.00 383.00,181.00 383.00,181.00
             383.00,181.00 365.67,156.00 365.67,156.00
             362.59,151.35 359.98,148.77 361.00,143.00
             367.98,145.56 368.43,146.00 372.00,139.00
             372.00,139.00 374.00,139.00 374.00,139.00 Z
           M 412.00,139.00
           C 415.66,147.10 416.43,144.93 424.00,144.00
             421.89,154.35 405.24,172.27 400.00,184.00
             400.00,184.00 402.58,171.00 402.58,171.00
             402.58,171.00 410.00,139.00 410.00,139.00
             410.00,139.00 412.00,139.00 412.00,139.00 Z
           M 359.00,146.00
           C 359.00,146.00 378.00,184.00 378.00,184.00
             378.00,184.00 358.00,167.00 358.00,167.00
             353.12,162.79 348.83,159.98 346.00,154.00
             351.98,152.71 354.74,154.63 355.00,147.00
             355.00,147.00 359.00,146.00 359.00,146.00 Z
           M 428.00,146.00
           C 428.55,152.82 430.44,153.95 437.00,153.00
             437.00,153.00 438.00,154.00 438.00,154.00
             435.09,160.15 430.04,163.65 425.00,168.00
             425.00,168.00 403.00,187.00 403.00,187.00
             403.00,187.00 410.10,175.00 410.10,175.00
             410.10,175.00 419.42,156.00 419.42,156.00
             421.97,151.48 422.88,147.68 428.00,146.00 Z
           M 345.00,156.00
           C 345.00,156.00 368.28,181.99 368.28,181.99
             368.28,181.99 378.00,192.00 378.00,192.00
             378.00,192.00 365.00,184.26 365.00,184.26
             365.00,184.26 334.00,169.00 334.00,169.00
             334.00,169.00 341.32,163.69 341.32,163.69
             341.32,163.69 345.00,156.00 345.00,156.00 Z
           M 440.00,156.00
           C 442.32,164.80 439.44,163.94 449.00,167.00
             449.00,167.00 449.00,169.00 449.00,169.00
             449.00,169.00 407.00,190.00 407.00,190.00
             407.00,190.00 417.72,179.00 417.72,179.00
             424.63,171.16 431.46,162.11 440.00,156.00 Z
           M 374.00,194.00
           C 374.00,194.00 361.00,191.29 361.00,191.29
             361.00,191.29 327.00,184.00 327.00,184.00
             331.66,177.47 334.98,181.00 332.00,171.00
             332.00,171.00 333.00,170.00 333.00,170.00
             333.00,170.00 374.00,194.00 374.00,194.00 Z
           M 450.14,170.00
           C 450.14,170.00 450.14,177.86 450.14,177.86
             450.14,177.86 456.00,185.00 456.00,185.00
             456.00,185.00 443.00,187.79 443.00,187.79
             443.00,187.79 423.00,191.45 423.00,191.45
             423.00,191.45 411.00,194.00 411.00,194.00
             411.00,194.00 424.00,186.00 424.00,186.00
             424.00,186.00 450.14,170.00 450.14,170.00 Z
           M 379.00,184.00
           C 379.00,184.00 381.00,188.00 381.00,188.00
             381.00,188.00 379.00,184.00 379.00,184.00 Z
           M 403.00,187.00
           C 403.00,187.00 399.00,192.00 399.00,192.00
             399.00,192.00 403.00,187.00 403.00,187.00 Z
           M 382.00,188.00
           C 382.00,188.00 384.00,192.00 384.00,192.00
             384.00,192.00 382.00,188.00 382.00,188.00 Z
           M 411.00,194.00
           C 411.00,194.00 406.00,196.00 406.00,196.00
             406.00,196.00 411.00,194.00 411.00,194.00 Z
           M 375.00,195.00
           C 375.00,195.00 379.00,196.00 379.00,196.00
             379.00,196.00 374.00,196.00 374.00,196.00
             374.00,196.00 375.00,195.00 375.00,195.00 Z
           M 389.23,196.76
           C 383.08,201.12 387.58,208.19 392.95,206.36
             398.56,204.45 397.88,195.19 389.23,196.76 Z
           M 459.00,203.00
           C 459.00,203.00 459.00,205.00 459.00,205.00
             454.61,207.99 452.73,209.61 457.00,214.00
             457.00,214.00 456.00,218.00 456.00,218.00
             456.00,218.00 435.00,211.66 435.00,211.66
             424.84,208.14 417.10,204.51 406.00,203.99
             410.83,202.09 414.90,203.87 420.00,203.99
             430.25,204.22 450.31,200.53 459.00,203.00 Z
           M 405.00,206.00
           C 405.00,206.00 411.00,208.00 411.00,208.00
             411.00,208.00 404.00,207.00 404.00,207.00
             404.00,207.00 405.00,206.00 405.00,206.00 Z
           M 375.00,209.00
           C 375.00,209.00 363.00,215.54 363.00,215.54
             363.00,215.54 332.93,234.00 332.93,234.00
             332.93,234.00 332.93,225.31 332.93,225.31
             332.93,225.31 327.00,220.00 327.00,220.00
             335.74,216.28 349.36,214.54 359.00,212.74
             359.00,212.74 375.00,209.00 375.00,209.00 Z
           M 412.00,209.00
           C 412.00,209.00 425.00,212.55 425.00,212.55
             425.00,212.55 445.00,216.13 445.00,216.13
             449.54,217.22 454.28,217.22 456.00,222.00
             450.99,223.10 447.97,225.21 452.00,230.00
             452.00,230.00 451.00,233.00 451.00,233.00
             440.43,230.86 423.05,215.37 411.00,210.00
             411.00,210.00 412.00,209.00 412.00,209.00 Z
           M 405.00,210.00
           C 405.00,210.00 405.00,211.00 405.00,211.00
             405.00,211.00 404.00,210.00 404.00,210.00
             404.00,210.00 405.00,210.00 405.00,210.00 Z
           M 401.00,211.00
           C 401.00,211.00 403.00,215.00 403.00,215.00
             403.00,215.00 401.00,211.00 401.00,211.00 Z
           M 406.00,211.00
           C 406.00,211.00 409.00,214.00 409.00,214.00
             409.00,214.00 406.00,211.00 406.00,211.00 Z
           M 379.00,212.00
           C 379.00,212.00 367.28,223.01 367.28,223.01
             360.87,230.12 351.38,243.04 343.00,247.00
             343.00,247.00 342.00,246.00 342.00,246.00
             343.54,235.40 338.54,241.05 334.00,235.00
             334.00,235.00 365.00,219.68 365.00,219.68
             365.00,219.68 379.00,212.00 379.00,212.00 Z
           M 383.00,214.00
           C 383.00,214.00 378.00,220.00 378.00,220.00
             378.00,220.00 383.00,214.00 383.00,214.00 Z
           M 410.00,214.00
           C 410.00,214.00 410.00,215.00 410.00,215.00
             410.00,215.00 409.00,214.00 409.00,214.00
             409.00,214.00 410.00,214.00 410.00,214.00 Z
           M 399.00,215.00
           C 404.70,231.31 416.91,243.88 425.00,259.07
             425.00,259.07 416.14,259.07 416.14,259.07
             416.14,259.07 410.00,265.00 410.00,265.00
             410.00,265.00 402.34,230.00 402.34,230.00
             401.28,225.31 397.78,219.51 399.00,215.00 Z
           M 404.00,215.00
           C 404.00,215.00 406.00,219.00 406.00,219.00
             406.00,219.00 404.00,215.00 404.00,215.00 Z
           M 411.00,215.00
           C 411.00,215.00 436.00,227.26 436.00,227.26
             436.00,227.26 449.00,234.00 449.00,234.00
             449.00,234.00 448.00,238.00 448.00,238.00
             441.51,237.89 441.17,240.22 442.00,246.00
             442.00,246.00 441.00,247.00 441.00,247.00
             433.10,243.26 424.42,231.77 418.58,225.00
             415.91,221.91 412.06,219.00 411.00,215.00 Z
           M 390.00,218.00
           C 390.00,218.00 389.18,231.00 389.18,231.00
             389.18,231.00 391.00,255.00 391.00,255.00
             391.00,255.00 391.00,268.00 391.00,268.00
             384.78,265.94 384.75,260.42 379.00,266.00
             379.00,266.00 375.00,265.00 375.00,265.00
             375.00,265.00 386.00,232.00 386.00,232.00
             386.00,232.00 390.00,218.00 390.00,218.00 Z
           M 385.00,219.00
           C 385.00,219.00 381.21,233.00 381.21,233.00
             381.21,233.00 374.00,265.00 374.00,265.00
             374.00,265.00 366.86,259.14 366.86,259.14
             366.86,259.14 359.00,259.14 359.00,259.14
             359.00,259.14 376.58,232.00 376.58,232.00
             376.58,232.00 385.00,219.00 385.00,219.00 Z
           M 407.00,219.00
           C 407.00,219.00 439.00,249.00 439.00,249.00
             432.91,250.53 428.86,248.74 429.00,257.00
             429.00,257.00 426.00,258.00 426.00,258.00
             426.00,258.00 411.74,231.00 411.74,231.00
             409.94,227.33 406.53,223.13 407.00,219.00 Z
           M 378.00,220.00
           C 378.00,220.00 364.42,247.00 364.42,247.00
             361.70,251.82 361.09,255.31 356.00,258.00
             352.53,247.16 353.43,252.79 345.00,249.00
             349.87,242.75 370.98,224.96 378.00,220.00 Z" />
</svg>
