<?xml version="1.0" encoding="UTF-8" standalone="no"?>
<!DOCTYPE svg PUBLIC "-//W3C//DTD SVG 20010904//EN"
              "http://www.w3.org/TR/2001/REC-SVG-20010904/DTD/svg10.dtd">

<svg xmlns="http://www.w3.org/2000/svg"
     width="3in" height="3.26667in"
     viewBox="0 0 900 980">
  <path id="Selection"
        fill="none" stroke="black" stroke-width="1"
        d="M 450.00,16.00
           C 450.00,16.00 437.51,56.00 437.51,56.00
             436.19,59.97 433.19,72.02 431.08,74.69
             428.89,77.46 425.18,76.99 422.00,77.00
             422.00,77.00 368.00,77.00 368.00,77.00
             368.00,77.00 405.00,104.65 405.00,104.65
             405.00,104.65 417.77,115.67 417.77,115.67
             417.77,115.67 413.42,131.00 413.42,131.00
             413.42,131.00 400.00,175.00 400.00,175.00
             400.00,175.00 436.00,148.86 436.00,148.86
             436.00,148.86 451.00,139.68 451.00,139.68
             451.00,139.68 466.00,149.14 466.00,149.14
             466.00,149.14 503.00,175.00 503.00,175.00
             503.00,175.00 495.49,152.00 495.49,152.00
             495.49,152.00 483.00,114.00 483.00,114.00
             483.00,114.00 499.00,103.15 499.00,103.15
             499.00,103.15 534.00,78.00 534.00,78.00
             529.65,76.27 520.95,77.00 516.00,77.00
             516.00,77.00 480.00,77.00 480.00,77.00
             477.68,77.00 474.24,77.20 472.22,75.98
             468.96,73.99 466.61,63.85 465.33,60.00
             465.33,60.00 456.00,31.00 456.00,31.00
             454.36,26.07 453.01,20.21 450.00,16.00 Z
           M 448.00,265.00
           C 448.00,265.00 432.90,296.00 432.90,296.00
             431.04,299.88 424.41,313.62 423.80,317.00
             423.02,321.30 425.52,337.61 425.91,343.00
             425.91,343.00 432.84,414.00 432.84,414.00
             432.84,414.00 436.42,451.00 436.42,451.00
             436.74,453.47 437.56,462.27 432.26,459.83
             429.65,458.63 429.20,454.47 428.75,452.00
             428.75,452.00 424.42,429.00 424.42,429.00
             424.42,429.00 412.55,368.00 412.55,368.00
             412.55,368.00 406.00,333.00 406.00,333.00
             402.07,335.52 398.00,344.61 395.76,349.00
             393.68,353.06 386.99,364.20 386.69,368.00
             386.40,371.71 391.29,385.42 392.64,389.83
             392.64,389.83 406.02,434.00 406.02,434.00
             406.02,434.00 412.14,454.00 412.14,454.00
             412.88,456.14 414.56,460.59 413.65,462.73
             412.09,466.45 404.65,466.03 399.00,471.00
             399.00,471.00 384.70,446.00 384.70,446.00
             384.70,446.00 365.42,410.00 365.42,410.00
             365.42,410.00 356.31,393.00 356.31,393.00
             356.31,393.00 350.61,383.51 350.61,383.51
             350.61,383.51 338.00,378.58 338.00,378.58
             338.00,378.58 312.00,371.00 312.00,371.00
             312.00,371.00 330.33,399.00 330.33,399.00
             330.33,399.00 368.52,456.00 368.52,456.00
             368.52,456.00 384.00,479.00 384.00,479.00
             384.00,479.00 376.44,482.28 376.44,482.28
             376.44,482.28 367.79,473.00 367.79,473.00
             367.79,473.00 346.12,445.00 346.12,445.00
             346.12,445.00 307.09,394.99 307.09,394.99
             307.09,394.99 290.83,375.00 290.83,375.00
             290.83,375.00 270.58,368.96 270.58,368.96
             270.58,368.96 230.00,357.00 230.00,357.00
             230.73,364.03 238.40,382.11 241.14,390.00
             243.03,395.45 246.53,407.70 249.65,411.96
             253.19,416.81 263.32,423.52 268.28,427.84
             268.28,427.84 322.00,472.08 322.00,472.08
             322.00,472.08 351.00,495.92 351.00,495.92
             352.78,497.42 360.16,504.02 353.79,505.42
             350.96,506.04 339.93,497.49 337.00,495.58
             337.00,495.58 303.00,472.81 303.00,472.81
             298.14,469.50 291.78,463.60 286.00,463.00
             286.00,463.00 274.00,453.02 274.00,453.02
             274.00,453.02 247.00,436.00 247.00,436.00
             247.00,436.00 253.63,458.00 253.63,458.00
             253.63,458.00 259.79,474.37 259.79,474.37
             259.79,474.37 268.00,479.58 268.00,479.58
             268.00,479.58 288.00,490.24 288.00,490.24
             288.00,490.24 345.00,520.00 345.00,520.00
             344.15,522.99 339.26,535.60 336.73,536.65
             334.82,537.45 331.89,536.27 330.00,535.72
             330.00,535.72 313.00,530.42 313.00,530.42
             313.00,530.42 267.00,516.58 267.00,516.58
             267.00,516.58 245.00,510.48 245.00,510.48
             240.82,510.44 236.64,513.51 233.00,515.41
             233.00,515.41 209.00,528.00 209.00,528.00
             213.55,531.00 219.71,531.40 225.00,532.28
             225.00,532.28 249.00,537.08 249.00,537.08
             249.00,537.08 297.00,546.69 297.00,546.69
             297.00,546.69 334.00,554.00 334.00,554.00
             334.00,554.00 330.69,561.96 330.69,561.96
             330.69,561.96 318.00,561.28 318.00,561.28
             318.00,561.28 284.00,556.95 284.00,556.95
             284.00,556.95 226.00,549.73 226.00,549.73
             226.00,549.73 196.00,546.73 196.00,546.73
             196.00,546.73 177.00,556.72 177.00,556.72
             177.00,556.72 141.00,577.00 141.00,577.00
             145.88,581.23 156.80,585.35 163.00,588.23
             171.83,592.34 188.83,602.42 198.00,601.91
             198.00,601.91 234.00,598.17 234.00,598.17
             234.00,598.17 302.00,591.83 302.00,591.83
             302.00,591.83 333.00,589.00 333.00,589.00
             333.00,589.00 334.00,595.00 334.00,595.00
             334.00,595.00 278.00,606.45 278.00,606.45
             278.00,606.45 208.00,620.00 208.00,620.00
             208.00,620.00 231.83,633.09 231.83,633.09
             231.83,633.09 244.00,638.70 244.00,638.70
             244.00,638.70 256.00,636.02 256.00,636.02
             256.00,636.02 276.00,630.00 276.00,630.00
             276.00,630.00 337.00,611.00 337.00,611.00
             337.00,611.00 344.00,630.00 344.00,630.00
             338.59,631.58 334.93,634.34 330.00,636.89
             330.00,636.89 306.00,649.58 306.00,649.58
             301.34,652.21 294.76,654.33 292.00,659.00
             286.19,659.01 280.99,662.84 276.00,665.53
             272.24,667.55 261.93,672.53 259.52,675.33
             257.92,677.19 256.29,683.32 255.34,686.01
             255.34,686.01 247.00,714.00 247.00,714.00
             247.00,714.00 265.00,702.03 265.00,702.03
             265.00,702.03 287.00,687.19 287.00,687.19
             287.00,687.19 327.00,660.42 327.00,660.42
             327.00,660.42 345.00,648.33 345.00,648.33
             345.00,648.33 352.54,644.69 352.54,644.69
             352.54,644.69 359.00,651.00 359.00,651.00
             359.00,651.00 332.00,671.20 332.00,671.20
             332.00,671.20 315.00,684.01 315.00,684.01
             315.00,684.01 288.00,705.27 288.00,705.27
             288.00,705.27 263.00,724.66 263.00,724.66
             263.00,724.66 251.09,735.09 251.09,735.09
             251.09,735.09 245.66,752.00 245.66,752.00
             245.66,752.00 233.00,796.00 233.00,796.00
             233.00,796.00 267.00,784.00 267.00,784.00
             272.33,782.19 284.99,778.57 288.91,775.50
             292.10,773.02 299.56,762.99 302.50,759.28
             302.50,759.28 322.61,735.00 322.61,735.00
             322.61,735.00 337.41,717.00 337.41,717.00
             340.63,713.14 344.15,710.07 345.00,705.00
             351.73,701.60 363.56,684.93 369.01,678.42
             371.04,676.00 375.49,669.45 378.93,670.30
             383.07,671.32 380.89,674.87 379.49,677.04
             379.49,677.04 366.44,696.72 366.44,696.72
             366.44,696.72 328.49,753.00 328.49,753.00
             328.49,753.00 312.00,778.00 312.00,778.00
             318.16,777.44 331.54,772.77 338.00,770.67
             341.34,769.58 347.20,768.31 349.79,766.30
             353.83,763.17 360.37,748.41 363.42,743.00
             363.42,743.00 384.78,703.00 384.78,703.00
             384.78,703.00 397.00,680.00 397.00,680.00
             397.00,680.00 415.00,687.00 415.00,687.00
             415.00,687.00 394.66,753.00 394.66,753.00
             394.66,753.00 389.16,771.00 389.16,771.00
             389.16,771.00 386.82,782.00 386.82,782.00
             386.82,782.00 393.58,796.00 393.58,796.00
             393.58,796.00 405.00,817.00 405.00,817.00
             405.00,817.00 412.26,782.00 412.26,782.00
             412.26,782.00 423.39,725.00 423.39,725.00
             423.39,725.00 431.00,690.00 431.00,690.00
             431.00,690.00 437.00,691.00 437.00,691.00
             437.00,691.00 434.17,720.00 434.17,720.00
             434.17,720.00 428.83,777.00 428.83,777.00
             428.83,777.00 426.09,802.00 426.09,802.00
             426.09,802.00 423.91,826.00 423.91,826.00
             423.54,831.55 422.59,835.52 428.00,839.00
             427.92,844.90 430.88,848.84 433.32,854.00
             433.32,854.00 447.00,884.00 447.00,884.00
             451.11,881.57 452.00,878.06 454.40,874.00
             454.40,874.00 467.78,850.00 467.78,850.00
             470.65,844.59 477.46,834.45 478.61,829.00
             479.46,824.98 477.57,814.66 477.05,810.00
             477.05,810.00 471.28,765.00 471.28,765.00
             471.28,765.00 465.15,716.00 465.15,716.00
             465.15,716.00 462.00,692.00 462.00,692.00
             462.00,692.00 472.00,690.00 472.00,690.00
             472.00,690.00 478.00,723.00 478.00,723.00
             478.00,723.00 489.40,781.00 489.40,781.00
             489.40,781.00 496.00,817.00 496.00,817.00
             501.13,811.96 506.71,798.87 510.26,792.00
             511.79,789.03 515.13,784.14 515.24,781.00
             515.24,781.00 507.91,755.00 507.91,755.00
             507.91,755.00 487.00,685.00 487.00,685.00
             487.00,685.00 504.00,678.00 504.00,678.00
             504.00,678.00 512.89,695.00 512.89,695.00
             512.89,695.00 535.35,737.00 535.35,737.00
             535.35,737.00 545.41,756.00 545.41,756.00
             545.41,756.00 551.47,766.01 551.47,766.01
             551.47,766.01 568.00,771.88 568.00,771.88
             568.00,771.88 590.00,779.00 590.00,779.00
             587.10,771.42 577.48,759.35 572.69,752.00
             572.69,752.00 534.42,695.00 534.42,695.00
             534.42,695.00 522.96,678.00 522.96,678.00
             521.63,676.09 518.41,672.48 518.76,670.11
             519.13,667.53 521.95,666.71 524.00,666.00
             524.00,666.00 535.80,682.00 535.80,682.00
             535.80,682.00 559.58,711.00 559.58,711.00
             559.58,711.00 594.33,753.00 594.33,753.00
             594.33,753.00 614.09,776.16 614.09,776.16
             614.09,776.16 632.00,783.05 632.00,783.05
             632.00,783.05 668.00,796.00 668.00,796.00
             668.00,796.00 657.43,757.00 657.43,757.00
             656.18,752.64 652.72,738.00 650.91,735.09
             649.20,732.31 638.00,723.16 635.00,722.09
             633.13,721.59 633.02,722.00 632.00,722.09
             629.77,715.54 618.38,709.05 613.00,704.69
             613.00,704.69 564.00,666.53 564.00,666.53
             564.00,666.53 547.00,653.50 547.00,653.50
             545.25,652.14 542.06,650.19 541.58,647.91
             541.22,646.19 543.36,641.99 544.00,640.00
             544.00,640.00 578.00,662.66 578.00,662.66
             578.00,662.66 630.00,697.35 630.00,697.35
             630.00,697.35 655.00,714.00 655.00,714.00
             655.00,714.00 647.00,687.00 647.00,687.00
             645.93,683.73 644.61,677.78 642.49,675.38
             639.99,672.53 632.57,669.10 629.00,667.22
             624.81,665.01 622.93,663.04 618.00,663.00
             615.37,658.91 608.34,656.16 604.00,653.84
             604.00,653.84 570.00,635.77 570.00,635.77
             566.84,634.08 555.42,628.77 554.41,625.79
             553.63,623.48 557.71,613.22 559.65,611.69
             560.78,610.79 561.66,610.77 563.04,610.89
             563.04,610.89 582.00,616.58 582.00,616.58
             582.00,616.58 634.00,632.42 634.00,632.42
             638.95,633.84 653.91,639.13 658.00,638.64
             660.78,638.31 666.23,635.14 669.00,633.75
             669.00,633.75 694.00,621.00 694.00,621.00
             694.00,621.00 663.00,614.20 663.00,614.20
             663.00,614.20 595.00,600.88 595.00,600.88
             595.00,600.88 576.00,597.08 576.00,597.08
             576.00,597.08 565.39,594.15 565.39,594.15
             565.39,594.15 563.00,589.00 563.00,589.00
             570.58,587.77 592.30,590.96 601.00,591.83
             601.00,591.83 669.00,598.17 669.00,598.17
             669.00,598.17 707.00,601.89 707.00,601.89
             712.26,601.46 719.95,597.11 725.00,594.83
             725.00,594.83 761.00,578.00 761.00,578.00
             756.83,573.75 753.01,572.62 748.00,569.77
             748.00,569.77 721.00,554.69 721.00,554.69
             717.27,552.67 708.65,547.03 705.00,546.56
             705.00,546.56 676.00,549.85 676.00,549.85
             676.00,549.85 613.00,557.84 613.00,557.84
             613.00,557.84 578.00,562.05 578.00,562.05
             575.25,562.36 567.48,563.98 565.31,562.81
             562.54,561.31 563.01,556.69 563.00,554.00
             563.00,554.00 612.00,545.00 612.00,545.00
             612.00,545.00 693.00,529.00 693.00,529.00
             693.00,529.00 672.00,517.14 672.00,517.14
             672.00,517.14 658.00,510.48 658.00,510.48
             658.00,510.48 647.00,512.84 647.00,512.84
             647.00,512.84 628.00,518.66 628.00,518.66
             628.00,518.66 559.00,540.00 559.00,540.00
             559.00,540.00 553.57,524.21 553.57,524.21
             553.57,524.21 559.00,519.29 559.00,519.29
             559.00,519.29 577.00,509.76 577.00,509.76
             577.00,509.76 621.00,486.30 621.00,486.30
             621.00,486.30 641.70,474.61 641.70,474.61
             641.70,474.61 646.67,463.00 646.67,463.00
             646.67,463.00 655.00,436.00 655.00,436.00
             648.79,438.30 632.07,450.41 625.58,454.86
             625.58,454.86 571.00,491.34 571.00,491.34
             571.00,491.34 551.00,504.95 551.00,504.95
             548.75,506.35 545.05,508.99 542.56,506.65
             539.44,503.70 547.03,499.05 549.00,497.41
             549.00,497.41 579.09,472.72 579.09,472.72
             579.09,472.72 605.00,451.74 605.00,451.74
             605.00,451.74 624.17,435.66 624.17,435.66
             624.17,435.66 651.50,412.91 651.50,412.91
             654.02,409.69 657.66,398.49 659.32,394.00
             659.32,394.00 672.00,357.00 672.00,357.00
             672.00,357.00 628.00,369.66 628.00,369.66
             624.60,370.72 613.50,373.48 611.29,374.93
             608.25,376.92 596.97,392.02 593.80,396.00
             593.80,396.00 571.50,425.00 571.50,425.00
             571.50,425.00 555.85,445.00 555.85,445.00
             555.85,445.00 535.76,471.01 535.76,471.01
             532.39,475.33 527.61,479.37 527.00,485.00
             521.19,486.37 521.60,484.89 516.00,482.00
             516.00,482.00 532.66,457.00 532.66,457.00
             532.66,457.00 571.52,399.00 571.52,399.00
             571.52,399.00 590.00,371.00 590.00,371.00
             584.05,371.84 568.33,376.99 562.00,379.14
             558.56,380.31 554.04,380.94 551.39,383.43
             548.82,385.83 542.67,398.20 540.75,402.00
             540.75,402.00 524.00,433.00 524.00,433.00
             524.00,433.00 508.64,462.00 508.64,462.00
             507.04,465.02 504.90,471.13 500.91,471.13
             499.24,471.14 496.56,469.76 495.00,469.09
             493.04,468.25 488.43,466.85 487.48,464.99
             486.63,463.34 487.79,460.65 488.28,458.99
             488.28,458.99 492.85,444.00 492.85,444.00
             492.85,444.00 509.29,390.00 509.29,390.00
             510.46,385.94 515.50,370.99 515.26,368.00
             515.05,365.27 511.26,358.71 509.83,356.00
             509.83,356.00 497.00,332.00 497.00,332.00
             497.00,332.00 490.80,361.00 490.80,361.00
             490.80,361.00 479.00,421.00 479.00,421.00
             479.00,421.00 473.75,449.00 473.75,449.00
             473.75,449.00 472.00,462.00 472.00,462.00
             469.42,461.53 464.51,461.13 463.11,458.69
             461.82,456.43 463.50,447.88 463.85,445.00
             463.85,445.00 468.42,409.00 468.42,409.00
             468.42,409.00 476.15,347.00 476.15,347.00
             476.15,347.00 478.79,321.00 478.79,321.00
             478.05,316.09 472.43,307.61 469.86,303.00
             469.86,303.00 457.09,280.00 457.09,280.00
             454.60,275.29 451.67,268.67 448.00,265.00 Z
           M 570.00,399.00
           C 570.00,399.00 570.00,400.00 570.00,400.00
             570.00,400.00 569.00,399.00 569.00,399.00
             569.00,399.00 570.00,399.00 570.00,399.00 Z
           M 335.00,402.00
           C 335.00,402.00 335.00,403.00 335.00,403.00
             335.00,403.00 334.00,402.00 334.00,402.00
             334.00,402.00 335.00,402.00 335.00,402.00 Z
           M 253.00,412.00
           C 253.00,412.00 253.00,413.00 253.00,413.00
             253.00,413.00 252.00,412.00 252.00,412.00
             252.00,412.00 253.00,412.00 253.00,412.00 Z
           M 372.00,431.00
           C 372.00,431.00 372.00,432.00 372.00,432.00
             372.00,432.00 371.00,431.00 371.00,431.00
             371.00,431.00 372.00,431.00 372.00,431.00 Z
           M 293.00,490.00
           C 293.00,490.00 293.00,491.00 293.00,491.00
             293.00,491.00 292.00,490.00 292.00,490.00
             292.00,490.00 293.00,490.00 293.00,490.00 Z
           M 553.00,520.00
           C 553.00,520.00 553.00,521.00 553.00,521.00
             553.00,521.00 552.00,520.00 552.00,520.00
             552.00,520.00 553.00,520.00 553.00,520.00 Z
           M 585.00,533.00
           C 585.00,533.00 585.00,534.00 585.00,534.00
             585.00,534.00 584.00,533.00 584.00,533.00
             584.00,533.00 585.00,533.00 585.00,533.00 Z
           M 304.00,617.00
           C 304.00,617.00 304.00,618.00 304.00,618.00
             304.00,618.00 303.00,617.00 303.00,617.00
             303.00,617.00 304.00,617.00 304.00,617.00 Z
           M 359.00,640.00
           C 359.00,640.00 359.00,641.00 359.00,641.00
             359.00,641.00 358.00,640.00 358.00,640.00
             358.00,640.00 359.00,640.00 359.00,640.00 Z
           M 617.00,662.00
           C 617.00,662.00 617.00,663.00 617.00,663.00
             617.00,663.00 616.00,662.00 616.00,662.00
             616.00,662.00 617.00,662.00 617.00,662.00 Z
           M 395.00,680.00
           C 395.00,680.00 395.00,681.00 395.00,681.00
             395.00,681.00 394.00,680.00 394.00,680.00
             394.00,680.00 395.00,680.00 395.00,680.00 Z
           M 85.00,793.00
           C 85.00,793.00 71.14,837.00 71.14,837.00
             70.11,840.58 67.48,851.06 64.58,852.98
             62.71,854.22 59.21,854.00 57.00,854.00
             57.00,854.00 3.00,853.00 3.00,853.00
             5.57,857.47 9.67,859.28 13.72,862.33
             13.72,862.33 40.00,881.57 40.00,881.57
             42.72,883.52 50.60,888.43 51.90,891.21
             53.42,894.44 49.51,904.37 48.33,908.00
             48.33,908.00 40.58,932.00 40.58,932.00
             38.64,937.58 35.51,945.38 35.00,951.00
             35.00,951.00 71.00,925.48 71.00,925.48
             71.00,925.48 86.00,916.14 86.00,916.14
             86.00,916.14 101.00,925.58 101.00,925.58
             101.00,925.58 137.00,951.00 137.00,951.00
             137.00,951.00 123.71,908.00 123.71,908.00
             122.70,904.60 118.67,894.89 119.54,892.09
             120.55,888.82 130.84,881.94 134.00,879.72
             141.13,874.71 164.47,858.44 169.00,853.00
             169.00,853.00 143.00,853.00 143.00,853.00
             143.00,853.00 129.00,854.00 129.00,854.00
             129.00,854.00 106.00,854.00 106.00,854.00
             106.00,854.00 92.67,813.00 92.67,813.00
             92.67,813.00 85.00,793.00 85.00,793.00 Z
           M 815.00,793.00
           C 815.00,793.00 803.42,830.00 803.42,830.00
             802.34,833.70 797.66,849.43 795.92,851.69
             793.76,854.48 790.17,853.99 787.00,854.00
             787.00,854.00 754.00,854.00 754.00,854.00
             747.20,854.00 739.57,854.60 733.00,853.00
             735.69,857.54 740.83,860.20 745.00,863.28
             745.00,863.28 770.46,881.75 770.46,881.75
             773.25,883.81 780.58,888.45 781.94,891.17
             783.69,894.70 779.59,903.20 778.43,907.00
             778.43,907.00 765.00,951.00 765.00,951.00
             765.00,951.00 801.00,925.63 801.00,925.63
             801.00,925.63 816.00,916.12 816.00,916.12
             816.00,916.12 830.00,925.00 830.00,925.00
             830.00,925.00 867.00,951.00 867.00,951.00
             867.00,951.00 853.67,908.00 853.67,908.00
             852.42,904.25 848.14,894.60 849.92,891.17
             851.15,888.81 858.52,883.71 861.00,881.88
             861.00,881.88 886.00,863.63 886.00,863.63
             890.49,860.30 895.39,858.03 898.00,853.00
             898.00,853.00 871.00,853.00 871.00,853.00
             871.00,853.00 846.00,853.99 846.00,853.99
             846.00,853.99 835.00,853.00 835.00,853.00
             835.00,853.00 821.86,811.00 821.86,811.00
             821.86,811.00 815.00,793.00 815.00,793.00 Z
           M 67.00,855.00
           C 67.00,855.00 67.00,856.00 67.00,856.00
             67.00,856.00 66.00,855.00 66.00,855.00
             66.00,855.00 67.00,855.00 67.00,855.00 Z
           M 824.00,914.00
           C 824.00,914.00 824.00,915.00 824.00,915.00
             824.00,915.00 823.00,914.00 823.00,914.00
             823.00,914.00 824.00,914.00 824.00,914.00 Z" />
</svg>
